zevenfreqs:, 1, 0, 0, 0, 0, 0
zevenfreqs:, 2, 0.0215054, 0.0107527, 0, 0.0215054, 0.020637
zevenfreqs:, 3, 0.0430108, 0.0215054, 0, 0.0430108, 0.0412187
zevenfreqs:, 4, 0.0645161, 0.0322581, 0, 0.0645161, 0.0616822
zevenfreqs:, 5, 0.0860215, 0.0430108, 0, 0.0860215, 0.081949
zevenfreqs:, 6, 0.107527, 0.0537634, 0, 0.107527, 0.101919
zevenfreqs:, 7, 0.129032, 0.0645161, 0, 0.129032, 0.121469
zevenfreqs:, 8, 0.150538, 0.0752688, 0, 0.150538, 0.140473
zevenfreqs:, 9, 0.172043, 0.0860215, 0, 0.172043, 0.158835
zevenfreqs:, 10, 0.193548, 0.0967742, 0, 0.193548, 0.176528
zevenfreqs:, 11, 0.215054, 0.107527, 0, 0.215054, 0.19359
zevenfreqs:, 12, 0.236559, 0.11828, 0, 0.236559, 0.210095
zevenfreqs:, 13, 0.258065, 0.129032, 0, 0.258065, 0.226114
zevenfreqs:, 14, 0.27957, 0.139785, 0, 0.27957, 0.241706
zevenfreqs:, 15, 0.301075, 0.150538, 0, 0.301075, 0.256916
zevenfreqs:, 16, 0.322581, 0.16129, 0, 0.322581, 0.271778
zevenfreqs:, 17, 0.344086, 0.172043, 0, 0.344086, 0.286319
zevenfreqs:, 18, 0.365591, 0.182796, 0, 0.365591, 0.300557
zevenfreqs:, 19, 0.387097, 0.193548, 0, 0.387097, 0.314506
zevenfreqs:, 20, 0.408602, 0.204301, 0, 0.408602, 0.328174
zevenfreqs:, 21, 0.430108, 0.215054, 0, 0.430108, 0.341563
zevenfreqs:, 22, 0.451613, 0.225806, 0, 0.451613, 0.354667
zevenfreqs:, 23, 0.473118, 0.236559, 0, 0.473118, 0.367467
zevenfreqs:, 24, 0.494624, 0.247312, 0, 0.494624, 0.379931
zevenfreqs:, 25, 0.516129, 0.258065, 0, 0.516129, 0.392002
zevenfreqs:, 26, 0.537634, 0.268817, 0, 0.537634, 0.403587
zevenfreqs:, 27, 0.55914, 0.27957, 0, 0.55914, 0.414531
zevenfreqs:, 28, 0.580645, 0.290323, 0, 0.580645, 0.424576
zevenfreqs:, 29, 0.602151, 0.301075, 0, 0.602151, 0.433307
zevenfreqs:, 30, 0.623656, 0.311828, 0, 0.623656, 0.440119
zevenfreqs:, 31, 0.645161, 0.322581, 0, 0.645161, 0.444353
zevenfreqs:, 32, 0.666667, 0.333333, 0, 0.666667, 0.445708
zevenfreqs:, 33, 0.66129, 0.33871, 0, 0.661356, 0.445418
zevenfreqs:, 34, 0.655914, 0.344086, 0, 0.656178, 0.444593
zevenfreqs:, 35, 0.650538, 0.349462, 0, 0.651137, 0.443338
zevenfreqs:, 36, 0.645161, 0.354839, 0, 0.646236, 0.441752
zevenfreqs:, 37, 0.639785, 0.360215, 0, 0.641477, 0.43992
zevenfreqs:, 38, 0.634409, 0.365591, 0, 0.636864, 0.437914
zevenfreqs:, 39, 0.629032, 0.370968, 0, 0.632401, 0.43579
zevenfreqs:, 40, 0.623656, 0.376344, 0, 0.62809, 0.433594
zevenfreqs:, 41, 0.61828, 0.38172, 0, 0.623934, 0.431363
zevenfreqs:, 42, 0.612903, 0.387097, 0, 0.619937, 0.429124
zevenfreqs:, 43, 0.607527, 0.392473, 0, 0.616102, 0.426902
zevenfreqs:, 44, 0.602151, 0.397849, 0, 0.612431, 0.424716
zevenfreqs:, 45, 0.596774, 0.403226, 0, 0.608929, 0.42258
zevenfreqs:, 46, 0.591398, 0.408602, 0, 0.605597, 0.420509
zevenfreqs:, 47, 0.586022, 0.413978, 0, 0.602438, 0.418512
zevenfreqs:, 48, 0.580645, 0.419355, 0, 0.599456, 0.416601
zevenfreqs:, 49, 0.575269, 0.424731, 0, 0.596653, 0.414781
zevenfreqs:, 50, 0.569892, 0.430108, 0, 0.594031, 0.413062
zevenfreqs:, 51, 0.564516, 0.435484, 0, 0.591593, 0.411448
zevenfreqs:, 52, 0.55914, 0.44086, 0, 0.589341, 0.409946
zevenfreqs:, 53, 0.553763, 0.446237, 0, 0.587278, 0.40856
zevenfreqs:, 54, 0.548387, 0.451613, 0, 0.585405, 0.407294
zevenfreqs:, 55, 0.543011, 0.456989, 0, 0.583723, 0.406152
zevenfreqs:, 56, 0.537634, 0.462366, 0, 0.582236, 0.405136
zevenfreqs:, 57, 0.532258, 0.467742, 0, 0.580944, 0.404251
zevenfreqs:, 58, 0.526882, 0.473118, 0, 0.579848, 0.403498
zevenfreqs:, 59, 0.521505, 0.478495, 0, 0.57895, 0.40288
zevenfreqs:, 60, 0.516129, 0.483871, 0, 0.578251, 0.402397
zevenfreqs:, 61, 0.510753, 0.489247, 0, 0.577751, 0.402051
zevenfreqs:, 62, 0.505376, 0.494624, 0, 0.57745, 0.401843
zevenfreqs:, 63, 0.5, 0.5, 0, 0.57735, 0.401774
zevenfreqs:, 64, 0.483871, 0.483871, 0, 0.558726, 0.400122
zevenfreqs:, 65, 0.467742, 0.467742, 0, 0.540102, 0.395518
zevenfreqs:, 66, 0.451613, 0.451613, 0, 0.521478, 0.388709
zevenfreqs:, 67, 0.435484, 0.435484, 0, 0.502853, 0.380394
zevenfreqs:, 68, 0.419355, 0.419355, 0, 0.484229, 0.371063
zevenfreqs:, 69, 0.403226, 0.403226, 0, 0.465605, 0.361023
zevenfreqs:, 70, 0.387097, 0.387097, 0, 0.446981, 0.350461
zevenfreqs:, 71, 0.370968, 0.370968, 0, 0.428357, 0.339492
zevenfreqs:, 72, 0.354839, 0.354839, 0, 0.409732, 0.328185
zevenfreqs:, 73, 0.33871, 0.33871, 0, 0.391108, 0.316583
zevenfreqs:, 74, 0.322581, 0.322581, 0, 0.372484, 0.304712
zevenfreqs:, 75, 0.306452, 0.306452, 0, 0.35386, 0.292585
zevenfreqs:, 76, 0.290323, 0.290323, 0, 0.335236, 0.280207
zevenfreqs:, 77, 0.274194, 0.274194, 0, 0.316611, 0.267574
zevenfreqs:, 78, 0.258065, 0.258065, 0, 0.297987, 0.25468
zevenfreqs:, 79, 0.241935, 0.241935, 0, 0.279363, 0.241509
zevenfreqs:, 80, 0.225806, 0.225806, 0, 0.260739, 0.228045
zevenfreqs:, 81, 0.209677, 0.209677, 0, 0.242115, 0.214259
zevenfreqs:, 82, 0.193548, 0.193548, 0, 0.22349, 0.200117
zevenfreqs:, 83, 0.177419, 0.177419, 0, 0.204866, 0.185576
zevenfreqs:, 84, 0.16129, 0.16129, 0, 0.186242, 0.170587
zevenfreqs:, 85, 0.145161, 0.145161, 0, 0.167618, 0.15511
zevenfreqs:, 86, 0.129032, 0.129032, 0, 0.148994, 0.139128
zevenfreqs:, 87, 0.112903, 0.112903, 0, 0.130369, 0.122668
zevenfreqs:, 88, 0.0967742, 0.0967742, 0, 0.111745, 0.105791
zevenfreqs:, 89, 0.0806452, 0.0806452, 0, 0.093121, 0.0885801
zevenfreqs:, 90, 0.0645161, 0.0645161, 0, 0.0744968, 0.0711181
zevenfreqs:, 91, 0.0483871, 0.0483871, 0, 0.0558726, 0.0534763
zevenfreqs:, 92, 0.0322581, 0.0322581, 0, 0.0372484, 0.0357127
zevenfreqs:, 93, 0.016129, 0.016129, 0, 0.0186242, 0.0178741
zevenfreqs:, 94, 0, 0, 0, 0, 0
zevenfreqs:, k index, k1, k2, k3, kmag/2pi, zeven band 1
