zevenfreqs:, k index, k1, k2, k3, kmag/2pi, zeven band 1, zeven band 2
zevenfreqs:, 1, 0, 0, 0, 0, 0, 0.0887063
zevenfreqs:, 2, 0.0215054, 0.0107527, 0, 0.0215054, 0.0198401, 0.0908224
zevenfreqs:, 3, 0.0430108, 0.0215054, 0, 0.0430108, 0.0395528, 0.0968357
zevenfreqs:, 4, 0.0645161, 0.0322581, 0, 0.0645161, 0.0590092, 0.106228
zevenfreqs:, 5, 0.0860215, 0.0430108, 0, 0.0860215, 0.0780489, 0.118365
zevenfreqs:, 6, 0.107527, 0.0537634, 0, 0.107527, 0.0965279, 0.132717
zevenfreqs:, 7, 0.129032, 0.0645161, 0, 0.129032, 0.114355, 0.148839
zevenfreqs:, 8, 0.150538, 0.0752688, 0, 0.150538, 0.13153, 0.166359
zevenfreqs:, 9, 0.172043, 0.0860215, 0, 0.172043, 0.148121, 0.184918
zevenfreqs:, 10, 0.193548, 0.0967742, 0, 0.193548, 0.164269, 0.204242
zevenfreqs:, 11, 0.215054, 0.107527, 0, 0.215054, 0.180065, 0.224084
zevenfreqs:, 12, 0.236559, 0.11828, 0, 0.236559, 0.195427, 0.244291
zevenfreqs:, 13, 0.258065, 0.129032, 0, 0.258065, 0.210794, 0.264703
zevenfreqs:, 14, 0.27957, 0.139785, 0, 0.27957, 0.225527, 0.285349
zevenfreqs:, 15, 0.301075, 0.150538, 0, 0.301075, 0.240478, 0.306077
zevenfreqs:, 16, 0.322581, 0.16129, 0, 0.322581, 0.255002, 0.326838
zevenfreqs:, 17, 0.344086, 0.172043, 0, 0.344086, 0.269339, 0.347651
zevenfreqs:, 18, 0.365591, 0.182796, 0, 0.365591, 0.283631, 0.368391
zevenfreqs:, 19, 0.387097, 0.193548, 0, 0.387097, 0.297424, 0.38909
zevenfreqs:, 20, 0.408602, 0.204301, 0, 0.408602, 0.311546, 0.409534
zevenfreqs:, 21, 0.430108, 0.215054, 0, 0.430108, 0.324556, 0.429755
zevenfreqs:, 22, 0.451613, 0.225806, 0, 0.451613, 0.338554, 0.449276
zevenfreqs:, 23, 0.473118, 0.236559, 0, 0.473118, 0.351198, 0.468183
zevenfreqs:, 24, 0.494624, 0.247312, 0, 0.494624, 0.36429, 0.486107
zevenfreqs:, 25, 0.516129, 0.258065, 0, 0.516129, 0.376778, 0.50243
zevenfreqs:, 26, 0.537634, 0.268817, 0, 0.537634, 0.389039, 0.509084
zevenfreqs:, 27, 0.55914, 0.27957, 0, 0.55914, 0.400896, 0.503644
zevenfreqs:, 28, 0.580645, 0.290323, 0, 0.580645, 0.411766, 0.498126
zevenfreqs:, 29, 0.602151, 0.301075, 0, 0.602151, 0.421663, 0.492973
zevenfreqs:, 30, 0.623656, 0.311828, 0, 0.623656, 0.42961, 0.489806
zevenfreqs:, 31, 0.645161, 0.322581, 0, 0.645161, 0.434799, 0.48943
zevenfreqs:, 32, 0.666667, 0.333333, 0, 0.666667, 0.436568, 0.49223
zevenfreqs:, 33, 0.66129, 0.33871, 0, 0.661356, 0.436112, 0.490079
zevenfreqs:, 34, 0.655914, 0.344086, 0, 0.656178, 0.435137, 0.487744
zevenfreqs:, 35, 0.650538, 0.349462, 0, 0.651137, 0.433671, 0.485484
zevenfreqs:, 36, 0.645161, 0.354839, 0, 0.646236, 0.431943, 0.48312
zevenfreqs:, 37, 0.639785, 0.360215, 0, 0.641477, 0.429849, 0.481033
zevenfreqs:, 38, 0.634409, 0.365591, 0, 0.636864, 0.427705, 0.478823
zevenfreqs:, 39, 0.629032, 0.370968, 0, 0.632401, 0.425419, 0.476754
zevenfreqs:, 40, 0.623656, 0.376344, 0, 0.62809, 0.423101, 0.474718
zevenfreqs:, 41, 0.61828, 0.38172, 0, 0.623934, 0.420765, 0.472753
zevenfreqs:, 42, 0.612903, 0.387097, 0, 0.619937, 0.41844, 0.470857
zevenfreqs:, 43, 0.607527, 0.392473, 0, 0.616102, 0.416147, 0.469035
zevenfreqs:, 44, 0.602151, 0.397849, 0, 0.612431, 0.413903, 0.467289
zevenfreqs:, 45, 0.596774, 0.403226, 0, 0.608929, 0.411721, 0.465621
zevenfreqs:, 46, 0.591398, 0.408602, 0, 0.605597, 0.409613, 0.464034
zevenfreqs:, 47, 0.586022, 0.413978, 0, 0.602438, 0.407591, 0.462528
zevenfreqs:, 48, 0.580645, 0.419355, 0, 0.599456, 0.405649, 0.46109
zevenfreqs:, 49, 0.575269, 0.424731, 0, 0.596653, 0.403822, 0.459751
zevenfreqs:, 50, 0.569892, 0.430108, 0, 0.594031, 0.402073, 0.458496
zevenfreqs:, 51, 0.564516, 0.435484, 0, 0.591593, 0.400465, 0.45733
zevenfreqs:, 52, 0.55914, 0.44086, 0, 0.589341, 0.398933, 0.456261
zevenfreqs:, 53, 0.553763, 0.446237, 0, 0.587278, 0.397559, 0.455278
zevenfreqs:, 54, 0.548387, 0.451613, 0, 0.585405, 0.396266, 0.454405
zevenfreqs:, 55, 0.543011, 0.456989, 0, 0.583723, 0.395142, 0.453613
zevenfreqs:, 56, 0.537634, 0.462366, 0, 0.582236, 0.394107, 0.452935
zevenfreqs:, 57, 0.532258, 0.467742, 0, 0.580944, 0.393244, 0.452339
zevenfreqs:, 58, 0.526882, 0.473118, 0, 0.579848, 0.392483, 0.451854
zevenfreqs:, 59, 0.521505, 0.478495, 0, 0.57895, 0.391889, 0.451454
zevenfreqs:, 60, 0.516129, 0.483871, 0, 0.578251, 0.391407, 0.451163
zevenfreqs:, 61, 0.510753, 0.489247, 0, 0.577751, 0.391084, 0.45096
zevenfreqs:, 62, 0.505376, 0.494624, 0, 0.57745, 0.390894, 0.450858
zevenfreqs:, 63, 0.5, 0.5, 0, 0.57735, 0.390837, 0.450855
zevenfreqs:, 64, 0.483871, 0.483871, 0, 0.558726, 0.388787, 0.452847
zevenfreqs:, 65, 0.467742, 0.467742, 0, 0.540102, 0.383212, 0.457717
zevenfreqs:, 66, 0.451613, 0.451613, 0, 0.521478, 0.375573, 0.464029
zevenfreqs:, 67, 0.435484, 0.435484, 0, 0.502853, 0.366287, 0.470316
zevenfreqs:, 68, 0.419355, 0.419355, 0, 0.484229, 0.356356, 0.45553
zevenfreqs:, 69, 0.403226, 0.403226, 0, 0.465605, 0.34571, 0.440008
zevenfreqs:, 70, 0.387097, 0.387097, 0, 0.446981, 0.334506, 0.425017
zevenfreqs:, 71, 0.370968, 0.370968, 0, 0.428357, 0.323406, 0.409018
zevenfreqs:, 72, 0.354839, 0.354839, 0, 0.409732, 0.311545, 0.393968
zevenfreqs:, 73, 0.33871, 0.33871, 0, 0.391108, 0.299663, 0.378422
zevenfreqs:, 74, 0.322581, 0.322581, 0, 0.372484, 0.288312, 0.362209
zevenfreqs:, 75, 0.306452, 0.306452, 0, 0.35386, 0.275681, 0.347009
zevenfreqs:, 76, 0.290323, 0.290323, 0, 0.335236, 0.263843, 0.329955
zevenfreqs:, 77, 0.274194, 0.274194, 0, 0.316611, 0.250795, 0.313839
zevenfreqs:, 78, 0.258065, 0.258065, 0, 0.297987, 0.238063, 0.297908
zevenfreqs:, 79, 0.241935, 0.241935, 0, 0.279363, 0.225384, 0.282072
zevenfreqs:, 80, 0.225806, 0.225806, 0, 0.260739, 0.212759, 0.265248
zevenfreqs:, 81, 0.209677, 0.209677, 0, 0.242115, 0.199367, 0.249267
zevenfreqs:, 82, 0.193548, 0.193548, 0, 0.22349, 0.186066, 0.2328
zevenfreqs:, 83, 0.177419, 0.177419, 0, 0.204866, 0.17265, 0.216722
zevenfreqs:, 84, 0.16129, 0.16129, 0, 0.186242, 0.158888, 0.200504
zevenfreqs:, 85, 0.145161, 0.145161, 0, 0.167618, 0.144809, 0.184807
zevenfreqs:, 86, 0.129032, 0.129032, 0, 0.148994, 0.130337, 0.169283
zevenfreqs:, 87, 0.112903, 0.112903, 0, 0.130369, 0.11545, 0.154352
zevenfreqs:, 88, 0.0967742, 0.0967742, 0, 0.111745, 0.100065, 0.139981
zevenfreqs:, 89, 0.0806452, 0.0806452, 0, 0.093121, 0.0842247, 0.126598
zevenfreqs:, 90, 0.0645161, 0.0645161, 0, 0.0744968, 0.0679552, 0.114426
zevenfreqs:, 91, 0.0483871, 0.0483871, 0, 0.0558726, 0.0512599, 0.103978
zevenfreqs:, 92, 0.0322581, 0.0322581, 0, 0.0372484, 0.0343144, 0.0958089
zevenfreqs:, 93, 0.016129, 0.016129, 0, 0.0186242, 0.0172006, 0.0905524
zevenfreqs:, 94, 0, 0, 0, 0, 0, 0.088732
