freqs:, k index, k1, k2, k3, kmag/2pi, band 1, band 2, band 3, band 4, band 5
freqs:, 1, 0, 0, 0, 0, 0, 0, 0.0857167, 0.0857207, 0.097754
freqs:, 2, 0.0215054, 0.0107527, 0, 0.0215054, 0.019395, 0.0204542, 0.0877818, 0.0882735, 0.0996218
freqs:, 3, 0.0430108, 0.0215054, 0, 0.0430108, 0.038578, 0.0408268, 0.093763, 0.0955269, 0.105035
freqs:, 4, 0.0645161, 0.0322581, 0, 0.0645161, 0.0573199, 0.061021, 0.103175, 0.106509, 0.113517
freqs:, 5, 0.0860215, 0.0430108, 0, 0.0860215, 0.0753869, 0.0809097, 0.115474, 0.120176, 0.12452
freqs:, 6, 0.107527, 0.0537634, 0, 0.107527, 0.0926059, 0.100321, 0.130165, 0.135638, 0.137631
freqs:, 7, 0.129032, 0.0645161, 0, 0.129032, 0.108951, 0.119044, 0.146767, 0.15182, 0.153024
freqs:, 8, 0.150538, 0.0752688, 0, 0.150538, 0.124551, 0.136884, 0.164796, 0.168326, 0.170491
freqs:, 9, 0.172043, 0.0860215, 0, 0.172043, 0.139592, 0.153757, 0.183817, 0.18599, 0.188726
freqs:, 10, 0.193548, 0.0967742, 0, 0.193548, 0.154239, 0.16974, 0.203493, 0.204703, 0.207369
freqs:, 11, 0.215054, 0.107527, 0, 0.215054, 0.168609, 0.185007, 0.223556, 0.224194, 0.226245
freqs:, 12, 0.236559, 0.11828, 0, 0.236559, 0.182775, 0.19974, 0.243294, 0.244208, 0.245229
freqs:, 13, 0.258065, 0.129032, 0, 0.258065, 0.196785, 0.214085, 0.260475, 0.264044, 0.264718
freqs:, 14, 0.27957, 0.139785, 0, 0.27957, 0.210669, 0.228149, 0.276454, 0.282856, 0.285313
freqs:, 15, 0.301075, 0.150538, 0, 0.301075, 0.224446, 0.242008, 0.291689, 0.301323, 0.306119
freqs:, 16, 0.322581, 0.16129, 0, 0.322581, 0.238131, 0.255716, 0.306292, 0.319342, 0.327047
freqs:, 17, 0.344086, 0.172043, 0, 0.344086, 0.251731, 0.269314, 0.320388, 0.336787, 0.348058
freqs:, 18, 0.365591, 0.182796, 0, 0.365591, 0.26525, 0.282828, 0.334099, 0.353569, 0.369123
freqs:, 19, 0.387097, 0.193548, 0, 0.387097, 0.27869, 0.296278, 0.347519, 0.369649, 0.39022
freqs:, 20, 0.408602, 0.204301, 0, 0.408602, 0.29205, 0.309677, 0.36072, 0.385048, 0.411328
freqs:, 21, 0.430108, 0.215054, 0, 0.430108, 0.305325, 0.323032, 0.373751, 0.399826, 0.432418
freqs:, 22, 0.451613, 0.225806, 0, 0.451613, 0.318506, 0.336348, 0.386639, 0.414058, 0.453449
freqs:, 23, 0.473118, 0.236559, 0, 0.473118, 0.331581, 0.349623, 0.399395, 0.427823, 0.47432
freqs:, 24, 0.494624, 0.247312, 0, 0.494624, 0.34453, 0.362853, 0.412004, 0.441186, 0.49458
freqs:, 25, 0.516129, 0.258065, 0, 0.516129, 0.357324, 0.376027, 0.424405, 0.454187, 0.49702
freqs:, 26, 0.537634, 0.268817, 0, 0.537634, 0.369915, 0.38913, 0.436442, 0.466819, 0.489972
freqs:, 27, 0.55914, 0.27957, 0, 0.55914, 0.382221, 0.40213, 0.447656, 0.478895, 0.483437
freqs:, 28, 0.580645, 0.290323, 0, 0.580645, 0.394091, 0.414973, 0.456526, 0.478784, 0.486512
freqs:, 29, 0.602151, 0.301075, 0, 0.602151, 0.40522, 0.427541, 0.459539, 0.477569, 0.48125
freqs:, 30, 0.623656, 0.311828, 0, 0.623656, 0.414932, 0.439523, 0.457591, 0.47548, 0.475808
freqs:, 31, 0.645161, 0.322581, 0, 0.645161, 0.421819, 0.449853, 0.455589, 0.47156, 0.471811
freqs:, 32, 0.666667, 0.333333, 0, 0.666667, 0.424183, 0.454888, 0.45489, 0.470143, 0.470178
freqs:, 33, 0.66129, 0.33871, 0, 0.661356, 0.423703, 0.454116, 0.454529, 0.46927, 0.471269
freqs:, 34, 0.655914, 0.344086, 0, 0.656178, 0.422441, 0.452687, 0.453078, 0.46726, 0.473767
freqs:, 35, 0.650538, 0.349462, 0, 0.651137, 0.420663, 0.450774, 0.451129, 0.464691, 0.477158
freqs:, 36, 0.645161, 0.354839, 0, 0.646236, 0.418564, 0.448592, 0.448968, 0.461923, 0.480895
freqs:, 37, 0.639785, 0.360215, 0, 0.641477, 0.416277, 0.446283, 0.446726, 0.459104, 0.484373
freqs:, 38, 0.634409, 0.365591, 0, 0.636864, 0.413888, 0.443927, 0.444468, 0.456297, 0.486773
freqs:, 39, 0.629032, 0.370968, 0, 0.632401, 0.411455, 0.441572, 0.442231, 0.453534, 0.487409
freqs:, 40, 0.623656, 0.376344, 0, 0.62809, 0.409017, 0.439246, 0.440035, 0.450834, 0.486561
freqs:, 41, 0.61828, 0.38172, 0, 0.623934, 0.406602, 0.436968, 0.437896, 0.448208, 0.484944
freqs:, 42, 0.612903, 0.387097, 0, 0.619937, 0.404229, 0.434752, 0.435823, 0.445665, 0.483002
freqs:, 43, 0.607527, 0.392473, 0, 0.616102, 0.401915, 0.432606, 0.433823, 0.443209, 0.480943
freqs:, 44, 0.602151, 0.397849, 0, 0.612431, 0.39967, 0.430537, 0.431901, 0.440845, 0.478863
freqs:, 45, 0.596774, 0.403226, 0, 0.608929, 0.397504, 0.428552, 0.430064, 0.438578, 0.476812
freqs:, 46, 0.591398, 0.408602, 0, 0.605597, 0.395425, 0.426654, 0.428314, 0.436412, 0.474819
freqs:, 47, 0.586022, 0.413978, 0, 0.602438, 0.393439, 0.424849, 0.426654, 0.434348, 0.472903
freqs:, 48, 0.580645, 0.419355, 0, 0.599456, 0.391552, 0.423139, 0.425089, 0.43239, 0.471074
freqs:, 49, 0.575269, 0.424731, 0, 0.596653, 0.389767, 0.421526, 0.423619, 0.430541, 0.469341
freqs:, 50, 0.569892, 0.430108, 0, 0.594031, 0.38809, 0.420015, 0.422247, 0.428803, 0.46771
freqs:, 51, 0.564516, 0.435484, 0, 0.591593, 0.386525, 0.418607, 0.420976, 0.427178, 0.466185
freqs:, 52, 0.55914, 0.44086, 0, 0.589341, 0.385073, 0.417304, 0.419806, 0.425669, 0.464772
freqs:, 53, 0.553763, 0.446237, 0, 0.587278, 0.383738, 0.416108, 0.418738, 0.424279, 0.463473
freqs:, 54, 0.548387, 0.451613, 0, 0.585405, 0.382523, 0.415021, 0.417774, 0.42301, 0.46229
freqs:, 55, 0.543011, 0.456989, 0, 0.583723, 0.38143, 0.414045, 0.416914, 0.421864, 0.461227
freqs:, 56, 0.537634, 0.462366, 0, 0.582236, 0.380461, 0.41318, 0.416158, 0.420843, 0.460284
freqs:, 57, 0.532258, 0.467742, 0, 0.580944, 0.379618, 0.412428, 0.415506, 0.419951, 0.459464
freqs:, 58, 0.526882, 0.473118, 0, 0.579848, 0.378902, 0.41179, 0.414957, 0.41919, 0.458767
freqs:, 59, 0.521505, 0.478495, 0, 0.57895, 0.378314, 0.411267, 0.414511, 0.418562, 0.458196
freqs:, 60, 0.516129, 0.483871, 0, 0.578251, 0.377856, 0.410859, 0.414165, 0.418071, 0.457751
freqs:, 61, 0.510753, 0.489247, 0, 0.577751, 0.377528, 0.410568, 0.41392, 0.417718, 0.457432
freqs:, 62, 0.505376, 0.494624, 0, 0.57745, 0.377332, 0.410393, 0.413773, 0.417506, 0.457241
freqs:, 63, 0.5, 0.5, 0, 0.57735, 0.377266, 0.410334, 0.413724, 0.417435, 0.457177
freqs:, 64, 0.483871, 0.483871, 0, 0.558726, 0.374332, 0.401973, 0.415843, 0.425734, 0.4535
freqs:, 65, 0.467742, 0.467742, 0, 0.540102, 0.367185, 0.390827, 0.419586, 0.436646, 0.447798
freqs:, 66, 0.451613, 0.451613, 0, 0.521478, 0.35802, 0.379474, 0.419369, 0.446667, 0.447084
freqs:, 67, 0.435484, 0.435484, 0, 0.502853, 0.347902, 0.368047, 0.413104, 0.44564, 0.451866
freqs:, 68, 0.419355, 0.419355, 0, 0.484229, 0.337276, 0.356578, 0.403966, 0.434672, 0.459883
freqs:, 69, 0.403226, 0.403226, 0, 0.465605, 0.326345, 0.345077, 0.393783, 0.423037, 0.467459
freqs:, 70, 0.387097, 0.387097, 0, 0.446981, 0.315209, 0.333549, 0.383131, 0.411029, 0.450076
freqs:, 71, 0.370968, 0.370968, 0, 0.428357, 0.303925, 0.321996, 0.372206, 0.398644, 0.431754
freqs:, 72, 0.354839, 0.354839, 0, 0.409732, 0.292526, 0.310417, 0.36108, 0.385841, 0.413411
freqs:, 73, 0.33871, 0.33871, 0, 0.391108, 0.281033, 0.298808, 0.349774, 0.372574, 0.395068
freqs:, 74, 0.322581, 0.322581, 0, 0.372484, 0.269459, 0.287165, 0.338278, 0.358801, 0.376737
freqs:, 75, 0.306452, 0.306452, 0, 0.35386, 0.257811, 0.275479, 0.326561, 0.344502, 0.358428
freqs:, 76, 0.290323, 0.290323, 0, 0.335236, 0.246094, 0.263739, 0.314575, 0.329685, 0.34015
freqs:, 77, 0.274194, 0.274194, 0, 0.316611, 0.234309, 0.251931, 0.302254, 0.314394, 0.321915
freqs:, 78, 0.258065, 0.258065, 0, 0.297987, 0.222453, 0.240032, 0.289518, 0.298696, 0.303735
freqs:, 79, 0.241935, 0.241935, 0, 0.279363, 0.210523, 0.228017, 0.27629, 0.282677, 0.285634
freqs:, 80, 0.225806, 0.225806, 0, 0.260739, 0.198511, 0.215849, 0.262501, 0.266406, 0.267658
freqs:, 81, 0.209677, 0.209677, 0, 0.242115, 0.186405, 0.203479, 0.247955, 0.249429, 0.250046
freqs:, 82, 0.193548, 0.193548, 0, 0.22349, 0.174187, 0.190842, 0.231446, 0.231997, 0.234124
freqs:, 83, 0.177419, 0.177419, 0, 0.204866, 0.161832, 0.177852, 0.214021, 0.214881, 0.219033
freqs:, 84, 0.16129, 0.16129, 0, 0.186242, 0.149301, 0.1644, 0.196752, 0.198244, 0.203938
freqs:, 85, 0.145161, 0.145161, 0, 0.167618, 0.136536, 0.150362, 0.17984, 0.182261, 0.188918
freqs:, 86, 0.129032, 0.129032, 0, 0.148994, 0.123454, 0.135635, 0.163465, 0.167104, 0.174133
freqs:, 87, 0.112903, 0.112903, 0, 0.130369, 0.109943, 0.120181, 0.147852, 0.152821, 0.159769
freqs:, 88, 0.0967742, 0.0967742, 0, 0.111745, 0.0958803, 0.104055, 0.133287, 0.138804, 0.146048
freqs:, 89, 0.0806452, 0.0806452, 0, 0.093121, 0.0811712, 0.0873804, 0.120084, 0.125121, 0.133246
freqs:, 90, 0.0645161, 0.0645161, 0, 0.0744968, 0.0658026, 0.0702987, 0.108556, 0.112575, 0.121712
freqs:, 91, 0.0483871, 0.0483871, 0, 0.0558726, 0.049856, 0.0529332, 0.0990165, 0.101716, 0.111884
freqs:, 92, 0.0322581, 0.0322581, 0, 0.0372484, 0.0334717, 0.035381, 0.091802, 0.0931717, 0.104277
freqs:, 93, 0.016129, 0.016129, 0, 0.0186242, 0.0168043, 0.0177168, 0.0872707, 0.0876406, 0.0994261
freqs:, 94, 0, 0, 0, 0, 0, 0, 0.0857167, 0.0857207, 0.0977541
