zevenfreqs:, k index, k1, k2, k3, kmag/2pi, zeven band 1, zeven band 2
zevenfreqs:, 1, 0, 0, 0, 0, 0, 0.0892183
zevenfreqs:, 2, 0.0215054, 0.0107527, 0, 0.0215054, 0.0199152, 0.0914088
zevenfreqs:, 3, 0.0430108, 0.0215054, 0, 0.0430108, 0.039711, 0.0973769
zevenfreqs:, 4, 0.0645161, 0.0322581, 0, 0.0645161, 0.0592679, 0.106802
zevenfreqs:, 5, 0.0860215, 0.0430108, 0, 0.0860215, 0.0784569, 0.118949
zevenfreqs:, 6, 0.107527, 0.0537634, 0, 0.107527, 0.0971367, 0.13328
zevenfreqs:, 7, 0.129032, 0.0645161, 0, 0.129032, 0.115222, 0.149351
zevenfreqs:, 8, 0.150538, 0.0752688, 0, 0.150538, 0.132689, 0.166801
zevenfreqs:, 9, 0.172043, 0.0860215, 0, 0.172043, 0.149615, 0.185293
zevenfreqs:, 10, 0.193548, 0.0967742, 0, 0.193548, 0.166122, 0.20456
zevenfreqs:, 11, 0.215054, 0.107527, 0, 0.215054, 0.182149, 0.224338
zevenfreqs:, 12, 0.236559, 0.11828, 0, 0.236559, 0.198087, 0.24449
zevenfreqs:, 13, 0.258065, 0.129032, 0, 0.258065, 0.213543, 0.264925
zevenfreqs:, 14, 0.27957, 0.139785, 0, 0.27957, 0.229109, 0.28548
zevenfreqs:, 15, 0.301075, 0.150538, 0, 0.301075, 0.24397, 0.306203
zevenfreqs:, 16, 0.322581, 0.16129, 0, 0.322581, 0.259251, 0.326917
zevenfreqs:, 17, 0.344086, 0.172043, 0, 0.344086, 0.273626, 0.347787
zevenfreqs:, 18, 0.365591, 0.182796, 0, 0.365591, 0.288506, 0.368521
zevenfreqs:, 19, 0.387097, 0.193548, 0, 0.387097, 0.302654, 0.38919
zevenfreqs:, 20, 0.408602, 0.204301, 0, 0.408602, 0.317129, 0.393763
zevenfreqs:, 21, 0.430108, 0.215054, 0, 0.430108, 0.330959, 0.411367
zevenfreqs:, 22, 0.451613, 0.225806, 0, 0.451613, 0.345133, 0.428888
zevenfreqs:, 23, 0.473118, 0.236559, 0, 0.473118, 0.357968, 0.44666
zevenfreqs:, 24, 0.494624, 0.247312, 0, 0.494624, 0.371724, 0.463886
zevenfreqs:, 25, 0.516129, 0.258065, 0, 0.516129, 0.383775, 0.481281
zevenfreqs:, 26, 0.537634, 0.268817, 0, 0.537634, 0.396813, 0.497692
zevenfreqs:, 27, 0.55914, 0.27957, 0, 0.55914, 0.407865, 0.513242
zevenfreqs:, 28, 0.580645, 0.290323, 0, 0.580645, 0.419077, 0.522452
zevenfreqs:, 29, 0.602151, 0.301075, 0, 0.602151, 0.428519, 0.506397
zevenfreqs:, 30, 0.623656, 0.311828, 0, 0.623656, 0.436067, 0.503777
zevenfreqs:, 31, 0.645161, 0.322581, 0, 0.645161, 0.440795, 0.503584
zevenfreqs:, 32, 0.666667, 0.333333, 0, 0.666667, 0.442376, 0.507019
zevenfreqs:, 33, 0.66129, 0.33871, 0, 0.661356, 0.442003, 0.504658
zevenfreqs:, 34, 0.655914, 0.344086, 0, 0.656178, 0.441125, 0.50222
zevenfreqs:, 35, 0.650538, 0.349462, 0, 0.651137, 0.439686, 0.499978
zevenfreqs:, 36, 0.645161, 0.354839, 0, 0.646236, 0.438023, 0.497587
zevenfreqs:, 37, 0.639785, 0.360215, 0, 0.641477, 0.436038, 0.495376
zevenfreqs:, 38, 0.634409, 0.365591, 0, 0.636864, 0.433935, 0.493135
zevenfreqs:, 39, 0.629032, 0.370968, 0, 0.632401, 0.431709, 0.490975
zevenfreqs:, 40, 0.623656, 0.376344, 0, 0.62809, 0.429422, 0.488871
zevenfreqs:, 41, 0.61828, 0.38172, 0, 0.623934, 0.427107, 0.486834
zevenfreqs:, 42, 0.612903, 0.387097, 0, 0.619937, 0.424793, 0.484867
zevenfreqs:, 43, 0.607527, 0.392473, 0, 0.616102, 0.422501, 0.482974
zevenfreqs:, 44, 0.602151, 0.397849, 0, 0.612431, 0.42025, 0.481158
zevenfreqs:, 45, 0.596774, 0.403226, 0, 0.608929, 0.418059, 0.47942
zevenfreqs:, 46, 0.591398, 0.408602, 0, 0.605597, 0.415858, 0.477765
zevenfreqs:, 47, 0.586022, 0.413978, 0, 0.602438, 0.413853, 0.476136
zevenfreqs:, 48, 0.580645, 0.419355, 0, 0.599456, 0.411868, 0.474643
zevenfreqs:, 49, 0.575269, 0.424731, 0, 0.596653, 0.410035, 0.473235
zevenfreqs:, 50, 0.569892, 0.430108, 0, 0.594031, 0.408242, 0.471947
zevenfreqs:, 51, 0.564516, 0.435484, 0, 0.591593, 0.40662, 0.470732
zevenfreqs:, 52, 0.55914, 0.44086, 0, 0.589341, 0.405053, 0.46964
zevenfreqs:, 53, 0.553763, 0.446237, 0, 0.587278, 0.403666, 0.468621
zevenfreqs:, 54, 0.548387, 0.451613, 0, 0.585405, 0.402351, 0.467726
zevenfreqs:, 55, 0.543011, 0.456989, 0, 0.583723, 0.401216, 0.466908
zevenfreqs:, 56, 0.537634, 0.462366, 0, 0.582236, 0.400171, 0.46621
zevenfreqs:, 57, 0.532258, 0.467742, 0, 0.580944, 0.399299, 0.465597
zevenfreqs:, 58, 0.526882, 0.473118, 0, 0.579848, 0.39853, 0.465099
zevenfreqs:, 59, 0.521505, 0.478495, 0, 0.57895, 0.397928, 0.464691
zevenfreqs:, 60, 0.516129, 0.483871, 0, 0.578251, 0.397459, 0.464388
zevenfreqs:, 61, 0.510753, 0.489247, 0, 0.577751, 0.397109, 0.464196
zevenfreqs:, 62, 0.505376, 0.494624, 0, 0.57745, 0.396919, 0.464098
zevenfreqs:, 63, 0.5, 0.5, 0, 0.57735, 0.396864, 0.464104
zevenfreqs:, 64, 0.483871, 0.483871, 0, 0.558726, 0.394952, 0.4659
zevenfreqs:, 65, 0.467742, 0.467742, 0, 0.540102, 0.389567, 0.470172
zevenfreqs:, 66, 0.451613, 0.451613, 0, 0.521478, 0.381975, 0.475457
zevenfreqs:, 67, 0.435484, 0.435484, 0, 0.502853, 0.372607, 0.479183
zevenfreqs:, 68, 0.419355, 0.419355, 0, 0.484229, 0.362712, 0.456362
zevenfreqs:, 69, 0.403226, 0.403226, 0, 0.465605, 0.351854, 0.441321
zevenfreqs:, 70, 0.387097, 0.387097, 0, 0.446981, 0.340537, 0.42564
zevenfreqs:, 71, 0.370968, 0.370968, 0, 0.428357, 0.328875, 0.410575
zevenfreqs:, 72, 0.354839, 0.354839, 0, 0.409732, 0.31744, 0.394535
zevenfreqs:, 73, 0.33871, 0.33871, 0, 0.391108, 0.304967, 0.379447
zevenfreqs:, 74, 0.322581, 0.322581, 0, 0.372484, 0.292641, 0.362671
zevenfreqs:, 75, 0.306452, 0.306452, 0, 0.35386, 0.279984, 0.347254
zevenfreqs:, 76, 0.290323, 0.290323, 0, 0.335236, 0.267508, 0.3317
zevenfreqs:, 77, 0.274194, 0.274194, 0, 0.316611, 0.254703, 0.314474
zevenfreqs:, 78, 0.258065, 0.258065, 0, 0.297987, 0.241614, 0.298482
zevenfreqs:, 79, 0.241935, 0.241935, 0, 0.279363, 0.228605, 0.28253
zevenfreqs:, 80, 0.225806, 0.225806, 0, 0.260739, 0.215708, 0.265649
zevenfreqs:, 81, 0.209677, 0.209677, 0, 0.242115, 0.201926, 0.249575
zevenfreqs:, 82, 0.193548, 0.193548, 0, 0.22349, 0.188514, 0.233161
zevenfreqs:, 83, 0.177419, 0.177419, 0, 0.204866, 0.174685, 0.217061
zevenfreqs:, 84, 0.16129, 0.16129, 0, 0.186242, 0.160576, 0.200857
zevenfreqs:, 85, 0.145161, 0.145161, 0, 0.167618, 0.146298, 0.185146
zevenfreqs:, 86, 0.129032, 0.129032, 0, 0.148994, 0.131433, 0.169626
zevenfreqs:, 87, 0.112903, 0.112903, 0, 0.130369, 0.116365, 0.154748
zevenfreqs:, 88, 0.0967742, 0.0967742, 0, 0.111745, 0.100725, 0.14038
zevenfreqs:, 89, 0.0806452, 0.0806452, 0, 0.093121, 0.0846794, 0.12701
zevenfreqs:, 90, 0.0645161, 0.0645161, 0, 0.0744968, 0.0682656, 0.114861
zevenfreqs:, 91, 0.0483871, 0.0483871, 0, 0.0558726, 0.0514389, 0.104436
zevenfreqs:, 92, 0.0322581, 0.0322581, 0, 0.0372484, 0.0344469, 0.0963008
zevenfreqs:, 93, 0.016129, 0.016129, 0, 0.0186242, 0.0172605, 0.0910658
zevenfreqs:, 94, 0, 0, 0, 0, 0, 0.0892427
