freqs:, k index, k1, k2, k3, kmag/2pi, band 1, band 2, band 3, band 4, band 5
freqs:, 1, 0, 0, 0, 0, 0, 0, 0.0921525, 0.0921599, 0.0999374
freqs:, 2, 0.0215054, 0.0107527, 0, 0.0215054, 0.0205975, 0.0211833, 0.0942705, 0.0946237, 0.102088
freqs:, 3, 0.0430108, 0.0215054, 0, 0.0430108, 0.0411349, 0.0423576, 0.100348, 0.101672, 0.108283
freqs:, 4, 0.0645161, 0.0322581, 0, 0.0645161, 0.0615436, 0.0635133, 0.109757, 0.112442, 0.117884
freqs:, 5, 0.0860215, 0.0430108, 0, 0.0860215, 0.0817378, 0.0846391, 0.121775, 0.125982, 0.130136
freqs:, 6, 0.107527, 0.0537634, 0, 0.107527, 0.101608, 0.105722, 0.135798, 0.141499, 0.144361
freqs:, 7, 0.129032, 0.0645161, 0, 0.129032, 0.121022, 0.126744, 0.151397, 0.158412, 0.160034
freqs:, 8, 0.150538, 0.0752688, 0, 0.150538, 0.139849, 0.147684, 0.168294, 0.17632, 0.176773
freqs:, 9, 0.172043, 0.0860215, 0, 0.172043, 0.157998, 0.168514, 0.186278, 0.194308, 0.194951
freqs:, 10, 0.193548, 0.0967742, 0, 0.193548, 0.175458, 0.189197, 0.205151, 0.212463, 0.214111
freqs:, 11, 0.215054, 0.107527, 0, 0.215054, 0.19228, 0.209687, 0.224709, 0.231117, 0.233672
freqs:, 12, 0.236559, 0.11828, 0, 0.236559, 0.208546, 0.229932, 0.244766, 0.250196, 0.253541
freqs:, 13, 0.258065, 0.129032, 0, 0.258065, 0.224332, 0.249875, 0.265178, 0.26965, 0.273649
freqs:, 14, 0.27957, 0.139785, 0, 0.27957, 0.239698, 0.269464, 0.28584, 0.289446, 0.293946
freqs:, 15, 0.301075, 0.150538, 0, 0.301075, 0.25469, 0.288659, 0.30668, 0.309547, 0.314395
freqs:, 16, 0.322581, 0.16129, 0, 0.322581, 0.269343, 0.307436, 0.327649, 0.329913, 0.334967
freqs:, 17, 0.344086, 0.172043, 0, 0.344086, 0.283685, 0.325781, 0.348714, 0.350499, 0.355639
freqs:, 18, 0.365591, 0.182796, 0, 0.365591, 0.297735, 0.343687, 0.369851, 0.371263, 0.376392
freqs:, 19, 0.387097, 0.193548, 0, 0.387097, 0.311511, 0.361148, 0.391044, 0.392166, 0.397211
freqs:, 20, 0.408602, 0.204301, 0, 0.408602, 0.325021, 0.378161, 0.41228, 0.413178, 0.418081
freqs:, 21, 0.430108, 0.215054, 0, 0.430108, 0.33827, 0.394723, 0.43355, 0.434274, 0.43899
freqs:, 22, 0.451613, 0.225806, 0, 0.451613, 0.351255, 0.410831, 0.454847, 0.455437, 0.45992
freqs:, 23, 0.473118, 0.236559, 0, 0.473118, 0.363963, 0.426485, 0.476163, 0.476651, 0.480841
freqs:, 24, 0.494624, 0.247312, 0, 0.494624, 0.376367, 0.441682, 0.497485, 0.497907, 0.501669
freqs:, 25, 0.516129, 0.258065, 0, 0.516129, 0.388421, 0.456422, 0.518711, 0.519195, 0.521893
freqs:, 26, 0.537634, 0.268817, 0, 0.537634, 0.400042, 0.470695, 0.523613, 0.532698, 0.540511
freqs:, 27, 0.55914, 0.27957, 0, 0.55914, 0.411093, 0.484481, 0.516956, 0.529568, 0.561845
freqs:, 28, 0.580645, 0.290323, 0, 0.580645, 0.421334, 0.497726, 0.510868, 0.524927, 0.583176
freqs:, 29, 0.602151, 0.301075, 0, 0.602151, 0.430358, 0.505974, 0.510223, 0.520204, 0.557994
freqs:, 30, 0.623656, 0.311828, 0, 0.623656, 0.437523, 0.502993, 0.514723, 0.522673, 0.552028
freqs:, 31, 0.645161, 0.322581, 0, 0.645161, 0.44205, 0.502744, 0.510199, 0.532895, 0.5462
freqs:, 32, 0.666667, 0.333333, 0, 0.666667, 0.44351, 0.505627, 0.50571, 0.540543, 0.540552
freqs:, 33, 0.66129, 0.33871, 0, 0.661356, 0.443196, 0.503497, 0.508197, 0.537797, 0.542666
freqs:, 34, 0.655914, 0.344086, 0, 0.656178, 0.442316, 0.501331, 0.511366, 0.535112, 0.54344
freqs:, 35, 0.650538, 0.349462, 0, 0.651137, 0.44099, 0.499217, 0.515002, 0.532504, 0.543059
freqs:, 36, 0.645161, 0.354839, 0, 0.646236, 0.439331, 0.497158, 0.518957, 0.530017, 0.541861
freqs:, 37, 0.639785, 0.360215, 0, 0.641477, 0.43743, 0.495156, 0.522871, 0.527921, 0.540149
freqs:, 38, 0.634409, 0.365591, 0, 0.636864, 0.435364, 0.493212, 0.523954, 0.528934, 0.538136
freqs:, 39, 0.629032, 0.370968, 0, 0.632401, 0.43319, 0.49133, 0.522006, 0.533203, 0.535957
freqs:, 40, 0.623656, 0.376344, 0, 0.62809, 0.430955, 0.489511, 0.519781, 0.533696, 0.537929
freqs:, 41, 0.61828, 0.38172, 0, 0.623934, 0.428694, 0.487757, 0.517563, 0.531408, 0.542795
freqs:, 42, 0.612903, 0.387097, 0, 0.619937, 0.426434, 0.486069, 0.515398, 0.529129, 0.547727
freqs:, 43, 0.607527, 0.392473, 0, 0.616102, 0.424198, 0.484449, 0.5133, 0.526884, 0.552685
freqs:, 44, 0.602151, 0.397849, 0, 0.612431, 0.422003, 0.482898, 0.511278, 0.524691, 0.557639
freqs:, 45, 0.596774, 0.403226, 0, 0.608929, 0.419865, 0.481418, 0.509336, 0.522564, 0.56256
freqs:, 46, 0.591398, 0.408602, 0, 0.605597, 0.417795, 0.480011, 0.507479, 0.520514, 0.567412
freqs:, 47, 0.586022, 0.413978, 0, 0.602438, 0.415803, 0.478676, 0.505709, 0.518549, 0.572152
freqs:, 48, 0.580645, 0.419355, 0, 0.599456, 0.413899, 0.477417, 0.50403, 0.516676, 0.576713
freqs:, 49, 0.575269, 0.424731, 0, 0.596653, 0.412089, 0.476233, 0.502445, 0.514901, 0.580984
freqs:, 50, 0.569892, 0.430108, 0, 0.594031, 0.41038, 0.475125, 0.500957, 0.51323, 0.584762
freqs:, 51, 0.564516, 0.435484, 0, 0.591593, 0.408778, 0.474096, 0.499567, 0.511667, 0.587677
freqs:, 52, 0.55914, 0.44086, 0, 0.589341, 0.407287, 0.473145, 0.49828, 0.510216, 0.58924
freqs:, 53, 0.553763, 0.446237, 0, 0.587278, 0.405913, 0.472274, 0.497096, 0.50888, 0.589343
freqs:, 54, 0.548387, 0.451613, 0, 0.585405, 0.404658, 0.471484, 0.496018, 0.507662, 0.587767
freqs:, 55, 0.543011, 0.456989, 0, 0.583723, 0.403527, 0.470775, 0.495048, 0.506565, 0.5861
freqs:, 56, 0.537634, 0.462366, 0, 0.582236, 0.402522, 0.470147, 0.494188, 0.505592, 0.584622
freqs:, 57, 0.532258, 0.467742, 0, 0.580944, 0.401646, 0.469602, 0.493439, 0.504745, 0.583337
freqs:, 58, 0.526882, 0.473118, 0, 0.579848, 0.400901, 0.46914, 0.492803, 0.504025, 0.582245
freqs:, 59, 0.521505, 0.478495, 0, 0.57895, 0.400289, 0.468761, 0.492281, 0.503433, 0.581352
freqs:, 60, 0.516129, 0.483871, 0, 0.578251, 0.399812, 0.468467, 0.491874, 0.502972, 0.580656
freqs:, 61, 0.510753, 0.489247, 0, 0.577751, 0.39947, 0.468256, 0.491583, 0.502642, 0.580158
freqs:, 62, 0.505376, 0.494624, 0, 0.57745, 0.399265, 0.468129, 0.491408, 0.502444, 0.579859
freqs:, 63, 0.5, 0.5, 0, 0.57735, 0.399196, 0.468087, 0.49135, 0.502378, 0.57976
freqs:, 64, 0.483871, 0.483871, 0, 0.558726, 0.397459, 0.469699, 0.483793, 0.509651, 0.561287
freqs:, 65, 0.467742, 0.467742, 0, 0.540102, 0.392663, 0.47226, 0.474109, 0.520333, 0.542776
freqs:, 66, 0.451613, 0.451613, 0, 0.521478, 0.385663, 0.460043, 0.480415, 0.524286, 0.52449
freqs:, 67, 0.435484, 0.435484, 0, 0.502853, 0.377214, 0.447413, 0.487685, 0.505878, 0.506051
freqs:, 68, 0.419355, 0.419355, 0, 0.484229, 0.367812, 0.434424, 0.486876, 0.487629, 0.491852
freqs:, 69, 0.403226, 0.403226, 0, 0.465605, 0.357757, 0.42109, 0.468659, 0.469235, 0.473662
freqs:, 70, 0.387097, 0.387097, 0, 0.446981, 0.347225, 0.407415, 0.450232, 0.450874, 0.455488
freqs:, 71, 0.370968, 0.370968, 0, 0.428357, 0.33632, 0.393402, 0.431802, 0.432555, 0.437336
freqs:, 72, 0.354839, 0.354839, 0, 0.409732, 0.325106, 0.379049, 0.413387, 0.414285, 0.419212
freqs:, 73, 0.33871, 0.33871, 0, 0.391108, 0.313619, 0.364359, 0.394995, 0.396078, 0.401122
freqs:, 74, 0.322581, 0.322581, 0, 0.372484, 0.30188, 0.349334, 0.376633, 0.377949, 0.383073
freqs:, 75, 0.306452, 0.306452, 0, 0.35386, 0.2899, 0.333975, 0.358308, 0.359917, 0.365072
freqs:, 76, 0.290323, 0.290323, 0, 0.335236, 0.277681, 0.318285, 0.340032, 0.342004, 0.347128
freqs:, 77, 0.274194, 0.274194, 0, 0.316611, 0.265218, 0.302268, 0.321815, 0.324236, 0.329251
freqs:, 78, 0.258065, 0.258065, 0, 0.297987, 0.252502, 0.285928, 0.303676, 0.306644, 0.311454
freqs:, 79, 0.241935, 0.241935, 0, 0.279363, 0.239518, 0.269277, 0.285638, 0.289254, 0.293753
freqs:, 80, 0.225806, 0.225806, 0, 0.260739, 0.226246, 0.252331, 0.267734, 0.272094, 0.276165
freqs:, 81, 0.209677, 0.209677, 0, 0.242115, 0.212659, 0.235115, 0.250009, 0.255187, 0.258715
freqs:, 82, 0.193548, 0.193548, 0, 0.22349, 0.19872, 0.217662, 0.232526, 0.238554, 0.241435
freqs:, 83, 0.177419, 0.177419, 0, 0.204866, 0.184386, 0.200008, 0.215371, 0.222224, 0.224363
freqs:, 84, 0.16129, 0.16129, 0, 0.186242, 0.169604, 0.182189, 0.198653, 0.206234, 0.207551
freqs:, 85, 0.145161, 0.145161, 0, 0.167618, 0.154324, 0.164239, 0.182499, 0.190643, 0.191069
freqs:, 86, 0.129032, 0.129032, 0, 0.148994, 0.138522, 0.146184, 0.167044, 0.175007, 0.175542
freqs:, 87, 0.112903, 0.112903, 0, 0.130369, 0.122214, 0.128049, 0.152414, 0.159499, 0.161047
freqs:, 88, 0.0967742, 0.0967742, 0, 0.111745, 0.105458, 0.109851, 0.138746, 0.14472, 0.147335
freqs:, 89, 0.0806452, 0.0806452, 0, 0.093121, 0.0883408, 0.0916045, 0.12621, 0.130917, 0.134642
freqs:, 90, 0.0645161, 0.0645161, 0, 0.0744968, 0.0709495, 0.0733222, 0.115053, 0.118433, 0.123285
freqs:, 91, 0.0483871, 0.0483871, 0, 0.0558726, 0.053362, 0.0550132, 0.105624, 0.107727, 0.113665
freqs:, 92, 0.0322581, 0.0322581, 0, 0.0372484, 0.0356419, 0.0366854, 0.0983647, 0.0993765, 0.106259
freqs:, 93, 0.016129, 0.016129, 0, 0.0186242, 0.0178403, 0.0183456, 0.0937487, 0.0940106, 0.101555
freqs:, 94, 0, 0, 0, 0, 0, 0, 0.0921525, 0.0921599, 0.0999374