freqs:, 1, 0, 0, 0, 0, 0, 0, 0.638732, 0.638732, 0.677214, 0.677214, 1.27781, 1.27781, 1.35399, 1.35399
freqs:, 2, 0, 0.0247525, 0, 0.0247525, 0.0134196, 0.0223491, 0.639114, 0.639129, 0.677341, 0.677356, 1.278, 1.278, 1.35405, 1.35406
freqs:, 3, 0, 0.049505, 0, 0.049505, 0.0268134, 0.0446859, 0.640261, 0.64032, 0.677722, 0.677781, 1.27857, 1.2786, 1.35425, 1.35428
freqs:, 4, 0, 0.0742574, 0, 0.0742574, 0.0401559, 0.0669978, 0.642171, 0.642299, 0.678358, 0.678487, 1.27951, 1.27958, 1.35457, 1.35464
freqs:, 5, 0, 0.0990099, 0, 0.0990099, 0.0534221, 0.0892719, 0.644843, 0.645057, 0.679253, 0.679473, 1.28084, 1.28096, 1.35503, 1.35515
freqs:, 6, 0, 0.123762, 0, 0.123762, 0.0665881, 0.111495, 0.648274, 0.648584, 0.680411, 0.680733, 1.28255, 1.28273, 1.35562, 1.3558
freqs:, 7, 0, 0.148515, 0, 0.148515, 0.079631, 0.133652, 0.652459, 0.652864, 0.681838, 0.682265, 1.28463, 1.28489, 1.35634, 1.3566
freqs:, 8, 0, 0.173267, 0, 0.173267, 0.0925294, 0.155729, 0.657395, 0.65788, 0.68354, 0.684062, 1.28709, 1.28743, 1.35719, 1.35754
freqs:, 9, 0, 0.19802, 0, 0.19802, 0.105263, 0.177708, 0.663075, 0.663613, 0.685525, 0.686117, 1.28994, 1.29036, 1.35818, 1.35861
freqs:, 10, 0, 0.222772, 0, 0.222772, 0.117815, 0.199571, 0.669492, 0.670041, 0.687806, 0.688425, 1.29316, 1.29368, 1.35929, 1.35983
freqs:, 11, 0, 0.247525, 0, 0.247525, 0.13017, 0.221299, 0.676637, 0.677139, 0.690394, 0.690976, 1.29675, 1.29737, 1.36055, 1.36119
freqs:, 12, 0, 0.272277, 0, 0.272277, 0.142313, 0.242869, 0.684499, 0.684882, 0.693304, 0.693763, 1.30073, 1.30145, 1.36193, 1.36268
freqs:, 13, 0, 0.29703, 0, 0.29703, 0.154233, 0.264257, 0.693065, 0.693244, 0.696556, 0.696776, 1.30508, 1.30589, 1.36346, 1.36431
freqs:, 14, 0, 0.321782, 0, 0.321782, 0.165923, 0.285435, 0.700006, 0.700169, 0.702196, 0.702323, 1.30981, 1.3107, 1.36512, 1.36607
freqs:, 15, 0, 0.346535, 0, 0.346535, 0.177376, 0.306372, 0.703442, 0.704169, 0.71171, 0.712256, 1.31491, 1.31588, 1.36691, 1.36796
freqs:, 16, 0, 0.371287, 0, 0.371287, 0.188588, 0.327034, 0.707076, 0.708583, 0.721758, 0.722847, 1.32038, 1.32142, 1.36885, 1.36997
freqs:, 17, 0, 0.39604, 0, 0.39604, 0.199558, 0.347382, 0.710895, 0.713446, 0.732309, 0.734077, 1.32623, 1.32731, 1.37094, 1.37212
freqs:, 18, 0, 0.420792, 0, 0.420792, 0.210286, 0.367374, 0.71489, 0.718792, 0.743333, 0.745925, 1.33245, 1.33355, 1.37316, 1.37438
freqs:, 19, 0, 0.445545, 0, 0.445545, 0.220775, 0.386963, 0.719051, 0.724665, 0.754802, 0.75837, 1.33903, 1.34013, 1.37554, 1.37677
freqs:, 20, 0, 0.470297, 0, 0.470297, 0.231029, 0.406097, 0.723365, 0.731109, 0.766686, 0.771388, 1.34598, 1.34705, 1.37807, 1.37928
freqs:, 21, 0, 0.49505, 0, 0.49505, 0.241055, 0.424723, 0.727823, 0.738174, 0.778955, 0.784956, 1.3533, 1.3543, 1.38075, 1.38191
freqs:, 22, 0, 0.519802, 0, 0.519802, 0.250861, 0.442784, 0.732415, 0.74591, 0.79158, 0.79905, 1.36098, 1.36188, 1.38359, 1.38465
freqs:, 23, 0, 0.544554, 0, 0.544554, 0.260453, 0.460223, 0.73713, 0.754371, 0.804532, 0.813643, 1.36901, 1.36978, 1.38659, 1.3875
freqs:, 24, 0, 0.569307, 0, 0.569307, 0.269842, 0.476985, 0.741958, 0.763606, 0.817782, 0.828712, 1.3774, 1.37798, 1.38976, 1.39047
freqs:, 25, 0, 0.594059, 0, 0.594059, 0.279037, 0.493019, 0.74689, 0.773662, 0.831303, 0.84423, 1.38613, 1.38649, 1.3931, 1.39354
freqs:, 26, 0, 0.618812, 0, 0.618812, 0.288048, 0.508284, 0.751917, 0.784575, 0.845067, 0.860172, 1.39522, 1.3953, 1.39662, 1.39672
freqs:, 27, 0, 0.643564, 0, 0.643564, 0.296886, 0.522748, 0.757029, 0.796375, 0.859044, 0.876513, 1.4, 1.40033, 1.40439, 1.40465
freqs:, 28, 0, 0.668317, 0, 0.668317, 0.305561, 0.536393, 0.762219, 0.809072, 0.873208, 0.893228, 1.40339, 1.40424, 1.41377, 1.41441
freqs:, 29, 0, 0.693069, 0, 0.693069, 0.314084, 0.549219, 0.767479, 0.822666, 0.887532, 0.910293, 1.40689, 1.40834, 1.42341, 1.4245
freqs:, 30, 0, 0.717822, 0, 0.717822, 0.322463, 0.561238, 0.7728, 0.837137, 0.901986, 0.927684, 1.41049, 1.41266, 1.43332, 1.43493
freqs:, 31, 0, 0.742574, 0, 0.742574, 0.33071, 0.572481, 0.778176, 0.852455, 0.916545, 0.945376, 1.41419, 1.4172, 1.44349, 1.44567
freqs:, 32, 0, 0.767327, 0, 0.767327, 0.338833, 0.582987, 0.783601, 0.868574, 0.931181, 0.963348, 1.41799, 1.42197, 1.4539, 1.45672
freqs:, 33, 0, 0.792079, 0, 0.792079, 0.346841, 0.592807, 0.789068, 0.88544, 0.945865, 0.981576, 1.4219, 1.42699, 1.46455, 1.46809
freqs:, 34, 0, 0.816832, 0, 0.816832, 0.354743, 0.601997, 0.794571, 0.902994, 0.96057, 1.00004, 1.42592, 1.43227, 1.47543, 1.47975
freqs:, 35, 0, 0.841584, 0, 0.841584, 0.362546, 0.610615, 0.800107, 0.921175, 0.975268, 1.01871, 1.43004, 1.43781, 1.48653, 1.49171
freqs:, 36, 0, 0.866337, 0, 0.866337, 0.370258, 0.618721, 0.805668, 0.939919, 0.989931, 1.03757, 1.43428, 1.44365, 1.49783, 1.50396
freqs:, 37, 0, 0.891089, 0, 0.891089, 0.377886, 0.62637, 0.811253, 0.959169, 1.00453, 1.0566, 1.43864, 1.44979, 1.50934, 1.51648
freqs:, 38, 0, 0.915842, 0, 0.915842, 0.385436, 0.633615, 0.816855, 0.978866, 1.01904, 1.07577, 1.44312, 1.45624, 1.52103, 1.52928
freqs:, 39, 0, 0.940594, 0, 0.940594, 0.392915, 0.640506, 0.822473, 0.998961, 1.03342, 1.09506, 1.44773, 1.46303, 1.53291, 1.54233
freqs:, 40, 0, 0.965347, 0, 0.965347, 0.400327, 0.647086, 0.828103, 1.0194, 1.04766, 1.11445, 1.45249, 1.47017, 1.54495, 1.55564
freqs:, 41, 0, 0.990099, 0, 0.990099, 0.407679, 0.653395, 0.833742, 1.04015, 1.06172, 1.13391, 1.4574, 1.47769, 1.55715, 1.5692
freqs:, 42, 0, 1.01485, 0, 1.01485, 0.414974, 0.659469, 0.839387, 1.06117, 1.07558, 1.1534, 1.46248, 1.48559, 1.56951, 1.58299
freqs:, 43, 0, 1.0396, 0, 1.0396, 0.422218, 0.665336, 0.845036, 1.08242, 1.08921, 1.17291, 1.46775, 1.4939, 1.58199, 1.59701
freqs:, 44, 0, 1.06436, 0, 1.06436, 0.429413, 0.671026, 0.850688, 1.10258, 1.10388, 1.19239, 1.47323, 1.50263, 1.59461, 1.61125
freqs:, 45, 0, 1.08911, 0, 1.08911, 0.436565, 0.676562, 0.856341, 1.11567, 1.12551, 1.21181, 1.47895, 1.51179, 1.60734, 1.62569
freqs:, 46, 0, 1.11386, 0, 1.11386, 0.443675, 0.681964, 0.861994, 1.12846, 1.1473, 1.23112, 1.48494, 1.52141, 1.62018, 1.64033
freqs:, 47, 0, 1.13861, 0, 1.13861, 0.450748, 0.687251, 0.867644, 1.14092, 1.16921, 1.25027, 1.49125, 1.53149, 1.63311, 1.65515
freqs:, 48, 0, 1.16337, 0, 1.16337, 0.457786, 0.692438, 0.873292, 1.15305, 1.19124, 1.26921, 1.49792, 1.54204, 1.64613, 1.67015
freqs:, 49, 0, 1.18812, 0, 1.18812, 0.464792, 0.697539, 0.878936, 1.16483, 1.21336, 1.28786, 1.50501, 1.55307, 1.65921, 1.68532
freqs:, 50, 0, 1.21287, 0, 1.21287, 0.471767, 0.702566, 0.884576, 1.17625, 1.23555, 1.30616, 1.51259, 1.56459, 1.67236, 1.70063
freqs:, 51, 0, 1.23762, 0, 1.23762, 0.478715, 0.70753, 0.89021, 1.18729, 1.25781, 1.324, 1.52075, 1.57659, 1.68555, 1.71608
freqs:, 52, 0, 1.26238, 0, 1.26238, 0.485637, 0.712441, 0.89584, 1.19796, 1.28011, 1.34131, 1.52956, 1.58907, 1.69878, 1.73166
freqs:, 53, 0, 1.28713, 0, 1.28713, 0.492535, 0.717305, 0.901464, 1.20826, 1.30245, 1.35797, 1.53913, 1.60203, 1.71203, 1.74735
freqs:, 54, 0, 1.31188, 0, 1.31188, 0.499411, 0.722131, 0.907083, 1.21818, 1.32481, 1.37389, 1.54954, 1.61546, 1.7253, 1.76314
freqs:, 55, 0, 1.33663, 0, 1.33663, 0.506267, 0.726925, 0.912695, 1.22774, 1.34717, 1.38898, 1.56089, 1.62934, 1.73858, 1.779
freqs:, 56, 0, 1.36139, 0, 1.36139, 0.513103, 0.731691, 0.918302, 1.23694, 1.36953, 1.40316, 1.57323, 1.64367, 1.75185, 1.79493
freqs:, 57, 0, 1.38614, 0, 1.38614, 0.519921, 0.736436, 0.923902, 1.24579, 1.39186, 1.41639, 1.58662, 1.65843, 1.76511, 1.8109
freqs:, 58, 0, 1.41089, 0, 1.41089, 0.526722, 0.741164, 0.929497, 1.25431, 1.41417, 1.42866, 1.60104, 1.6736, 1.77835, 1.82689
freqs:, 59, 0, 1.43564, 0, 1.43564, 0.533508, 0.745878, 0.935087, 1.26251, 1.43643, 1.44, 1.61649, 1.68916, 1.79155, 1.84289
freqs:, 60, 0, 1.4604, 0, 1.4604, 0.540279, 0.750581, 0.94067, 1.2704, 1.45047, 1.45863, 1.63288, 1.70509, 1.80473, 1.85886
freqs:, 61, 0, 1.48515, 0, 1.48515, 0.547036, 0.755278, 0.946249, 1.278, 1.46013, 1.48076, 1.65015, 1.72137, 1.81786, 1.87479
freqs:, 62, 0, 1.5099, 0, 1.5099, 0.553781, 0.75997, 0.951822, 1.28533, 1.46908, 1.50279, 1.6682, 1.73798, 1.83096, 1.89064
freqs:, 63, 0, 1.53465, 0, 1.53465, 0.560513, 0.76466, 0.957391, 1.2924, 1.4774, 1.52471, 1.68694, 1.75491, 1.84402, 1.90639
freqs:, 64, 0, 1.55941, 0, 1.55941, 0.567235, 0.769351, 0.962955, 1.29923, 1.48519, 1.54651, 1.70628, 1.77212, 1.85704, 1.922
freqs:, 65, 0, 1.58416, 0, 1.58416, 0.573946, 0.774043, 0.968515, 1.30584, 1.49252, 1.56814, 1.72614, 1.7896, 1.87003, 1.93743
freqs:, 66, 0, 1.60891, 0, 1.60891, 0.580647, 0.778739, 0.974071, 1.31224, 1.49946, 1.58961, 1.74645, 1.80732, 1.88301, 1.95265
freqs:, 67, 0, 1.63366, 0, 1.63366, 0.587339, 0.783441, 0.979624, 1.31844, 1.50606, 1.61086, 1.76715, 1.82528, 1.89599, 1.96761
freqs:, 68, 0, 1.65842, 0, 1.65842, 0.594022, 0.788149, 0.985173, 1.32446, 1.51239, 1.63189, 1.78817, 1.84344, 1.90898, 1.98228
freqs:, 69, 0, 1.68317, 0, 1.68317, 0.600696, 0.792865, 0.990719, 1.33031, 1.51848, 1.65264, 1.80949, 1.86179, 1.92202, 1.99661
freqs:, 70, 0, 1.70792, 0, 1.70792, 0.607363, 0.79759, 0.996262, 1.33601, 1.52437, 1.67309, 1.83105, 1.88032, 1.93513, 2.01056
freqs:, 71, 0, 1.73267, 0, 1.73267, 0.614023, 0.802325, 1.0018, 1.34157, 1.53008, 1.6932, 1.85283, 1.89901, 1.94835, 2.02409
freqs:, 72, 0, 1.75743, 0, 1.75743, 0.620676, 0.807071, 1.00734, 1.34699, 1.53565, 1.71292, 1.8748, 1.91784, 1.96171, 2.03716
freqs:, 73, 0, 1.78218, 0, 1.78218, 0.627323, 0.811829, 1.01288, 1.35229, 1.54109, 1.7322, 1.89694, 1.93679, 1.97527, 2.04974
freqs:, 74, 0, 1.80693, 0, 1.80693, 0.633963, 0.816599, 1.01841, 1.35748, 1.54642, 1.751, 1.91924, 1.95585, 1.98906, 2.0618
freqs:, 75, 0, 1.83168, 0, 1.83168, 0.640598, 0.821382, 1.02395, 1.36257, 1.55165, 1.76927, 1.94166, 1.975, 2.00315, 2.07333
freqs:, 76, 0, 1.85644, 0, 1.85644, 0.647228, 0.826179, 1.02948, 1.36756, 1.55681, 1.78697, 1.9642, 1.99423, 2.01757, 2.08432
freqs:, 77, 0, 1.88119, 0, 1.88119, 0.653852, 0.830989, 1.03501, 1.37247, 1.56189, 1.80404, 1.98685, 2.01353, 2.03238, 2.09477
freqs:, 78, 0, 1.90594, 0, 1.90594, 0.660472, 0.835814, 1.04055, 1.37729, 1.56691, 1.82044, 2.00959, 2.03289, 2.04762, 2.10469
freqs:, 79, 0, 1.93069, 0, 1.93069, 0.667087, 0.840654, 1.04608, 1.38205, 1.57188, 1.83616, 2.03243, 2.05227, 2.06333, 2.1141
freqs:, 80, 0, 1.95545, 0, 1.95545, 0.673698, 0.845509, 1.05161, 1.38673, 1.5768, 1.85115, 2.05534, 2.07169, 2.07955, 2.12302
freqs:, 81, 0, 1.9802, 0, 1.9802, 0.680305, 0.85038, 1.05714, 1.39136, 1.58168, 1.86542, 2.07832, 2.09111, 2.09627, 2.13149
freqs:, 82, 0, 2.00495, 0, 2.00495, 0.686908, 0.855266, 1.06267, 1.39592, 1.58652, 1.87896, 2.10136, 2.11052, 2.11353, 2.13953
freqs:, 83, 0, 2.0297, 0, 2.0297, 0.693508, 0.860168, 1.06821, 1.40044, 1.59133, 1.89179, 2.12447, 2.12992, 2.1313, 2.14718
freqs:, 84, 0, 2.05446, 0, 2.05446, 0.700104, 0.865086, 1.07374, 1.40491, 1.59611, 1.90392, 2.14763, 2.14928, 2.14958, 2.15447
freqs:, 85, 0, 2.07921, 0, 2.07921, 0.706697, 0.87002, 1.07928, 1.40934, 1.60086, 1.91539, 2.16144, 2.16834, 2.16859, 2.17084
freqs:, 86, 0, 2.10396, 0, 2.10396, 0.713287, 0.874971, 1.08481, 1.41372, 1.60559, 1.92623, 2.16811, 2.18756, 2.18784, 2.19409
freqs:, 87, 0, 2.12871, 0, 2.12871, 0.719875, 0.879938, 1.09035, 1.41808, 1.61031, 1.93648, 2.17451, 2.207, 2.20721, 2.21739
freqs:, 88, 0, 2.15347, 0, 2.15347, 0.72646, 0.884921, 1.09589, 1.42239, 1.615, 1.94619, 2.18068, 2.22607, 2.22725, 2.24072
freqs:, 89, 0, 2.17822, 0, 2.17822, 0.733042, 0.889921, 1.10143, 1.42668, 1.61968, 1.95539, 2.18662, 2.24502, 2.24764, 2.26409
freqs:, 90, 0, 2.20297, 0, 2.20297, 0.739623, 0.894938, 1.10698, 1.43095, 1.62435, 1.96413, 2.19238, 2.26383, 2.26835, 2.28748
freqs:, 91, 0, 2.22772, 0, 2.22772, 0.746201, 0.899971, 1.11252, 1.43519, 1.62901, 1.97245, 2.19796, 2.28249, 2.28936, 2.31091
freqs:, 92, 0, 2.25248, 0, 2.25248, 0.752777, 0.905021, 1.11807, 1.43941, 1.63366, 1.98038, 2.20339, 2.30098, 2.31062, 2.33435
freqs:, 93, 0, 2.27723, 0, 2.27723, 0.759351, 0.910087, 1.12362, 1.4436, 1.63829, 1.98796, 2.20868, 2.31926, 2.33212, 2.35782
freqs:, 94, 0, 2.30198, 0, 2.30198, 0.765924, 0.91517, 1.12917, 1.44779, 1.64292, 1.99522, 2.21384, 2.33733, 2.35382, 2.3813
freqs:, 95, 0, 2.32673, 0, 2.32673, 0.772495, 0.920269, 1.13473, 1.45195, 1.64755, 2.00219, 2.2189, 2.35516, 2.3757, 2.40479
freqs:, 96, 0, 2.35149, 0, 2.35149, 0.779065, 0.925385, 1.14029, 1.45611, 1.65217, 2.00889, 2.22385, 2.37272, 2.39774, 2.42829
freqs:, 97, 0, 2.37624, 0, 2.37624, 0.785633, 0.930517, 1.14585, 1.46025, 1.65678, 2.01535, 2.22871, 2.38999, 2.41992, 2.45179
freqs:, 98, 0, 2.40099, 0, 2.40099, 0.7922, 0.935666, 1.15141, 1.46438, 1.66139, 2.02159, 2.23349, 2.40694, 2.44223, 2.4753
freqs:, 99, 0, 2.42574, 0, 2.42574, 0.798765, 0.940831, 1.15698, 1.4685, 1.666, 2.02763, 2.2382, 2.42357, 2.46464, 2.49879
freqs:, 100, 0, 2.4505, 0, 2.4505, 0.80533, 0.946012, 1.16255, 1.47262, 1.67061, 2.03349, 2.24284, 2.43982, 2.48714, 2.52227
freqs:, 101, 0, 2.47525, 0, 2.47525, 0.811894, 0.951209, 1.16812, 1.47673, 1.67521, 2.03918, 2.24742, 2.4557, 2.50972, 2.54573
freqs:, 102, 0, 2.5, 0, 2.5, 0.818457, 0.956422, 1.1737, 1.48083, 1.67982, 2.04471, 2.25194, 2.47117, 2.53237, 2.56916
freqs:, k index, k1, k2, k3, kmag/2pi, band 1, band 2, band 3, band 4, band 5, band 6, band 7, band 8, band 9, band 10
