freqs:, 1, 0, 0, -0.5, 0.5, 0.203062, 0.203062, 0.453593, 0.453593, 0.863698, 0.863698, 1.10638, 1.10638, 1.52815, 1.52815
freqs:, 2, 0, 0, -0.487805, 0.487805, 0.202838, 0.202838, 0.453817, 0.453817, 0.86347, 0.86347, 1.10661, 1.10661, 1.52791, 1.52791
freqs:, 3, 0, 0, -0.47561, 0.47561, 0.202168, 0.202168, 0.454485, 0.454485, 0.862786, 0.862786, 1.10729, 1.10729, 1.5272, 1.5272
freqs:, 4, 0, 0, -0.463415, 0.463415, 0.201058, 0.201058, 0.455591, 0.455591, 0.861656, 0.861656, 1.10841, 1.10841, 1.52603, 1.52603
freqs:, 5, 0, 0, -0.45122, 0.45122, 0.199522, 0.199522, 0.457123, 0.457123, 0.860091, 0.860091, 1.10996, 1.10996, 1.52441, 1.52441
freqs:, 6, 0, 0, -0.439024, 0.439024, 0.197573, 0.197573, 0.459066, 0.459066, 0.858108, 0.858108, 1.11192, 1.11192, 1.52236, 1.52236
freqs:, 7, 0, 0, -0.426829, 0.426829, 0.195231, 0.195231, 0.4614, 0.4614, 0.855726, 0.855726, 1.11429, 1.11429, 1.51989, 1.51989
freqs:, 8, 0, 0, -0.414634, 0.414634, 0.192515, 0.192515, 0.464107, 0.464107, 0.852968, 0.852968, 1.11702, 1.11702, 1.51705, 1.51705
freqs:, 9, 0, 0, -0.402439, 0.402439, 0.189449, 0.189449, 0.467163, 0.467163, 0.849856, 0.849856, 1.1201, 1.1201, 1.51385, 1.51385
freqs:, 10, 0, 0, -0.390244, 0.390244, 0.186054, 0.186054, 0.470544, 0.470544, 0.846416, 0.846416, 1.12351, 1.12351, 1.51032, 1.51032
freqs:, 11, 0, 0, -0.378049, 0.378049, 0.182356, 0.182356, 0.474228, 0.474228, 0.842671, 0.842671, 1.12721, 1.12721, 1.50649, 1.50649
freqs:, 12, 0, 0, -0.365854, 0.365854, 0.178376, 0.178376, 0.478192, 0.478192, 0.838647, 0.838647, 1.13119, 1.13119, 1.50238, 1.50238
freqs:, 13, 0, 0, -0.353659, 0.353659, 0.174137, 0.174137, 0.482412, 0.482412, 0.834366, 0.834366, 1.13542, 1.13542, 1.49803, 1.49803
freqs:, 14, 0, 0, -0.341463, 0.341463, 0.169661, 0.169661, 0.486868, 0.486868, 0.82985, 0.82985, 1.13988, 1.13988, 1.49345, 1.49345
freqs:, 15, 0, 0, -0.329268, 0.329268, 0.164967, 0.164967, 0.491538, 0.491538, 0.825121, 0.825121, 1.14455, 1.14455, 1.48866, 1.48866
freqs:, 16, 0, 0, -0.317073, 0.317073, 0.160075, 0.160075, 0.496404, 0.496404, 0.820199, 0.820199, 1.1494, 1.1494, 1.48369, 1.48369
freqs:, 17, 0, 0, -0.304878, 0.304878, 0.155002, 0.155002, 0.501448, 0.501448, 0.8151, 0.8151, 1.15442, 1.15442, 1.47856, 1.47856
freqs:, 18, 0, 0, -0.292683, 0.292683, 0.149764, 0.149764, 0.506653, 0.506653, 0.809843, 0.809843, 1.15958, 1.15958, 1.47329, 1.47329
freqs:, 19, 0, 0, -0.280488, 0.280488, 0.144377, 0.144377, 0.512004, 0.512004, 0.804443, 0.804443, 1.16489, 1.16489, 1.46789, 1.46789
freqs:, 20, 0, 0, -0.268293, 0.268293, 0.138854, 0.138854, 0.517486, 0.517486, 0.798913, 0.798913, 1.17031, 1.17031, 1.46237, 1.46237
freqs:, 21, 0, 0, -0.256098, 0.256098, 0.133207, 0.133207, 0.523087, 0.523087, 0.793268, 0.793268, 1.17583, 1.17583, 1.45676, 1.45676
freqs:, 22, 0, 0, -0.243902, 0.243902, 0.127448, 0.127448, 0.528794, 0.528794, 0.787519, 0.787519, 1.18144, 1.18144, 1.45106, 1.45106
freqs:, 23, 0, 0, -0.231707, 0.231707, 0.121588, 0.121588, 0.534596, 0.534596, 0.781677, 0.781677, 1.18712, 1.18712, 1.4453, 1.4453
freqs:, 24, 0, 0, -0.219512, 0.219512, 0.115635, 0.115635, 0.540483, 0.540483, 0.775754, 0.775754, 1.19287, 1.19287, 1.43948, 1.43948
freqs:, 25, 0, 0, -0.207317, 0.207317, 0.109599, 0.109599, 0.546444, 0.546444, 0.769759, 0.769759, 1.19867, 1.19867, 1.43361, 1.43361
freqs:, 26, 0, 0, -0.195122, 0.195122, 0.103487, 0.103487, 0.55247, 0.55247, 0.763701, 0.763701, 1.20451, 1.20451, 1.42771, 1.42771
freqs:, 27, 0, 0, -0.182927, 0.182927, 0.0973076, 0.0973076, 0.558551, 0.558551, 0.75759, 0.75759, 1.21036, 1.21036, 1.4218, 1.4218
freqs:, 28, 0, 0, -0.170732, 0.170732, 0.0910663, 0.0910663, 0.564679, 0.564679, 0.751436, 0.751436, 1.21623, 1.21623, 1.41588, 1.41588
freqs:, 29, 0, 0, -0.158537, 0.158537, 0.0847696, 0.0847696, 0.570843, 0.570843, 0.745247, 0.745247, 1.22209, 1.22209, 1.40997, 1.40997
freqs:, 30, 0, 0, -0.146341, 0.146341, 0.0784231, 0.0784231, 0.577033, 0.577033, 0.739034, 0.739034, 1.22792, 1.22792, 1.4041, 1.4041
freqs:, 31, 0, 0, -0.134146, 0.134146, 0.0720322, 0.0720322, 0.583238, 0.583238, 0.732808, 0.732808, 1.2337, 1.2337, 1.39827, 1.39827
freqs:, 32, 0, 0, -0.121951, 0.121951, 0.0656016, 0.0656016, 0.589446, 0.589446, 0.726582, 0.726582, 1.2394, 1.2394, 1.39253, 1.39253
freqs:, 33, 0, 0, -0.109756, 0.109756, 0.0591359, 0.0591359, 0.595639, 0.595639, 0.720372, 0.720372, 1.245, 1.245, 1.3869, 1.3869
freqs:, 34, 0, 0, -0.097561, 0.097561, 0.0526393, 0.0526393, 0.601796, 0.601796, 0.7142, 0.7142, 1.25045, 1.25045, 1.38142, 1.38142
freqs:, 35, 0, 0, -0.0853659, 0.0853659, 0.0461159, 0.0461159, 0.60789, 0.60789, 0.708094, 0.708094, 1.2557, 1.2557, 1.37615, 1.37615
freqs:, 36, 0, 0, -0.0731707, 0.0731707, 0.0395695, 0.0395695, 0.613877, 0.613877, 0.702096, 0.702096, 1.26067, 1.26067, 1.37116, 1.37116
freqs:, 37, 0, 0, -0.0609756, 0.0609756, 0.0330036, 0.0330036, 0.619692, 0.619692, 0.696271, 0.696271, 1.26527, 1.26527, 1.36653, 1.36653
freqs:, 38, 0, 0, -0.0487805, 0.0487805, 0.0264217, 0.0264217, 0.625229, 0.625229, 0.690726, 0.690726, 1.2694, 1.2694, 1.3624, 1.3624
freqs:, 39, 0, 0, -0.0365854, 0.0365854, 0.0198272, 0.0198272, 0.630306, 0.630306, 0.685644, 0.685644, 1.27288, 1.27288, 1.3589, 1.3589
freqs:, 40, 0, 0, -0.0243902, 0.0243902, 0.0132234, 0.0132234, 0.634608, 0.634608, 0.681338, 0.681338, 1.27556, 1.27556, 1.35621, 1.35621
freqs:, 41, 0, 0, -0.0121951, 0.0121951, 0.00661328, 0.00661328, 0.637625, 0.637625, 0.678318, 0.678318, 1.27726, 1.27726, 1.35451, 1.35451
freqs:, 42, 0, 0, 0, 0, 0, 0, 0.638736, 0.638736, 0.677206, 0.677206, 1.27785, 1.27785, 1.35392, 1.35392
freqs:, 43, 0, 0, 0, 0, 0, 0, 0.638736, 0.638736, 0.677206, 0.677206, 1.27785, 1.27785, 1.35392, 1.35392
freqs:, 44, 0, 0.0365854, 0, 0.0365854, 0.0198273, 0.0330295, 0.639572, 0.639604, 0.677483, 0.677516, 1.27826, 1.27828, 1.35406, 1.35408
freqs:, 45, 0, 0.0731707, 0, 0.0731707, 0.0395716, 0.0660189, 0.642076, 0.6422, 0.678317, 0.678443, 1.2795, 1.27957, 1.35449, 1.35456
freqs:, 46, 0, 0.109756, 0, 0.109756, 0.0591519, 0.098927, 0.646243, 0.646499, 0.679717, 0.679979, 1.28157, 1.28171, 1.35521, 1.35535
freqs:, 47, 0, 0.146341, 0, 0.146341, 0.0784915, 0.13171, 0.652065, 0.652462, 0.681696, 0.682113, 1.28447, 1.28472, 1.35621, 1.35646
freqs:, 48, 0, 0.182927, 0, 0.182927, 0.0975197, 0.164319, 0.659526, 0.660036, 0.684275, 0.684828, 1.28819, 1.28856, 1.3575, 1.35788
freqs:, 49, 0, 0.219512, 0, 0.219512, 0.116174, 0.196699, 0.668606, 0.669157, 0.687485, 0.688103, 1.29274, 1.29325, 1.35908, 1.35961
freqs:, 50, 0, 0.256098, 0, 0.256098, 0.134401, 0.228789, 0.679279, 0.679749, 0.691363, 0.691913, 1.29812, 1.29877, 1.36096, 1.36164
freqs:, 51, 0, 0.292683, 0, 0.292683, 0.152158, 0.260517, 0.691508, 0.69173, 0.69596, 0.696231, 1.30432, 1.30511, 1.36313, 1.36396
freqs:, 52, 0, 0.329268, 0, 0.329268, 0.169414, 0.291796, 0.701022, 0.701337, 0.705015, 0.705256, 1.31133, 1.31225, 1.3656, 1.36658
freqs:, 53, 0, 0.365854, 0, 0.365854, 0.18615, 0.322526, 0.706264, 0.70758, 0.719506, 0.720463, 1.31917, 1.32019, 1.36838, 1.36948
freqs:, 54, 0, 0.402439, 0, 0.402439, 0.202357, 0.35259, 0.711917, 0.714785, 0.735111, 0.737076, 1.32782, 1.3289, 1.37147, 1.37265
freqs:, 55, 0, 0.439024, 0, 0.439024, 0.218039, 0.381849, 0.717947, 0.723071, 0.751734, 0.755027, 1.33727, 1.33837, 1.37487, 1.3761
freqs:, 56, 0, 0.47561, 0, 0.47561, 0.233205, 0.410145, 0.72432, 0.73258, 0.769281, 0.774245, 1.34753, 1.34859, 1.37861, 1.37981
freqs:, 57, 0, 0.512195, 0, 0.512195, 0.247876, 0.437304, 0.731003, 0.743468, 0.787655, 0.794652, 1.35858, 1.35952, 1.38268, 1.38378
freqs:, 58, 0, 0.54878, 0, 0.54878, 0.262077, 0.463144, 0.737963, 0.755902, 0.806764, 0.816169, 1.37041, 1.37115, 1.38711, 1.38799
freqs:, 59, 0, 0.585366, 0, 0.585366, 0.275837, 0.487486, 0.745166, 0.770045, 0.826515, 0.838713, 1.38301, 1.38345, 1.39191, 1.39245
freqs:, 60, 0, 0.621951, 0, 0.621951, 0.289188, 0.51018, 0.752584, 0.786034, 0.846816, 0.862203, 1.39624, 1.39631, 1.3972, 1.39727
freqs:, 61, 0, 0.658537, 0, 0.658537, 0.302163, 0.53112, 0.760187, 0.803959, 0.867579, 0.886558, 1.40203, 1.40267, 1.41003, 1.41051
freqs:, 62, 0, 0.695122, 0, 0.695122, 0.314795, 0.550271, 0.767948, 0.823844, 0.888712, 0.911698, 1.40719, 1.4087, 1.42421, 1.42534
freqs:, 63, 0, 0.731707, 0, 0.731707, 0.327118, 0.567668, 0.775844, 0.845639, 0.910129, 0.937545, 1.41257, 1.4152, 1.43898, 1.44088
freqs:, 64, 0, 0.768293, 0, 0.768293, 0.339161, 0.583417, 0.783852, 0.869228, 0.931739, 0.964023, 1.41817, 1.4222, 1.45429, 1.45712
freqs:, 65, 0, 0.804878, 0, 0.804878, 0.350954, 0.597674, 0.791952, 0.894443, 0.953454, 0.991059, 1.424, 1.42972, 1.47012, 1.47404
freqs:, 66, 0, 0.841463, 0, 0.841463, 0.362524, 0.61062, 0.800127, 0.921092, 0.975183, 1.01858, 1.43007, 1.43783, 1.48643, 1.4916
freqs:, 67, 0, 0.878049, 0, 0.878049, 0.373894, 0.622444, 0.80836, 0.948974, 0.996837, 1.04651, 1.43639, 1.44657, 1.50321, 1.50979
freqs:, 68, 0, 0.914634, 0, 0.914634, 0.385088, 0.633326, 0.816638, 0.977901, 1.01832, 1.07479, 1.44297, 1.45598, 1.52041, 1.52857
freqs:, 69, 0, 0.95122, 0, 0.95122, 0.396124, 0.643428, 0.824949, 1.0077, 1.03955, 1.10333, 1.44984, 1.46612, 1.538, 1.54794
freqs:, 70, 0, 0.987805, 0, 0.987805, 0.407021, 0.652887, 0.833284, 1.03822, 1.06042, 1.13205, 1.45703, 1.47705, 1.55596, 1.56784
freqs:, 71, 0, 1.02439, 0, 1.02439, 0.417793, 0.661824, 0.841634, 1.06934, 1.08086, 1.16086, 1.46459, 1.48882, 1.57424, 1.58827
freqs:, 72, 0, 1.06098, 0, 1.06098, 0.428456, 0.670335, 0.849991, 1.10077, 1.10094, 1.18967, 1.47258, 1.50149, 1.59281, 1.60918
freqs:, 73, 0, 1.09756, 0, 1.09756, 0.439021, 0.678502, 0.858351, 1.12008, 1.13294, 1.21835, 1.48109, 1.51511, 1.61164, 1.63055
freqs:, 74, 0, 1.13415, 0, 1.13415, 0.4495, 0.68639, 0.866709, 1.13872, 1.16525, 1.24676, 1.49022, 1.52972, 1.63069, 1.65234
freqs:, 75, 0, 1.17073, 0, 1.17073, 0.4599, 0.694054, 0.875061, 1.15662, 1.19781, 1.27472, 1.50013, 1.54536, 1.64993, 1.67451
freqs:, 76, 0, 1.20732, 0, 1.20732, 0.470232, 0.701539, 0.883404, 1.17375, 1.23057, 1.30201, 1.51101, 1.56205, 1.66932, 1.69703
freqs:, 77, 0, 1.2439, 0, 1.2439, 0.480502, 0.70888, 0.891737, 1.19008, 1.26346, 1.32837, 1.52309, 1.57979, 1.68881, 1.71986
freqs:, 78, 0, 1.28049, 0, 1.28049, 0.490717, 0.716108, 0.900059, 1.20559, 1.29645, 1.3535, 1.53666, 1.59859, 1.70839, 1.74296
freqs:, 79, 0, 1.31707, 0, 1.31707, 0.500882, 0.723247, 0.908368, 1.22029, 1.3295, 1.37706, 1.55202, 1.61841, 1.728, 1.76627
freqs:, 80, 0, 1.35366, 0, 1.35366, 0.511003, 0.730318, 0.916664, 1.23419, 1.36255, 1.39878, 1.56944, 1.63923, 1.74762, 1.78975
freqs:, 81, 0, 1.39024, 0, 1.39024, 0.521083, 0.737338, 0.924948, 1.24732, 1.39557, 1.41846, 1.58911, 1.66099, 1.76722, 1.81334
freqs:, 82, 0, 1.42683, 0, 1.42683, 0.531128, 0.744321, 0.933218, 1.25974, 1.42852, 1.43606, 1.61103, 1.68364, 1.78677, 1.83697
freqs:, 83, 0, 1.46341, 0, 1.46341, 0.541139, 0.751279, 0.941477, 1.27147, 1.4517, 1.46134, 1.63508, 1.70712, 1.80625, 1.86057
freqs:, 84, 0, 1.5, 0, 1.5, 0.551121, 0.758222, 0.949724, 1.28257, 1.46561, 1.494, 1.66102, 1.73136, 1.82564, 1.88406
freqs:, k index, k1, k2, k3, kmag/2pi, band 1, band 2, band 3, band 4, band 5, band 6, band 7, band 8, band 9, band 10
