freqs:, k index, k1, k2, k3, kmag/2pi, band 1, band 2, band 3, band 4, band 5, band 6
freqs:, 1, 0, 0, 0, 0, 0, 0, 0.092962, 0.0929861, 0.0999451, 0.0999452
freqs:, 2, 0.0215054, 0.0107527, 0, 0.0215054, 0.0206991, 0.0211991, 0.0950962, 0.0954292, 0.102103, 0.10223
freqs:, 3, 0.0430108, 0.0215054, 0, 0.0430108, 0.0413501, 0.04239, 0.101218, 0.102425, 0.108317, 0.108797
freqs:, 4, 0.0645161, 0.0322581, 0, 0.0645161, 0.0618987, 0.0635641, 0.110688, 0.113126, 0.117945, 0.11894
freqs:, 5, 0.0860215, 0.0430108, 0, 0.0860215, 0.0822774, 0.0847115, 0.122766, 0.126598, 0.13023, 0.131835
freqs:, 6, 0.107527, 0.0537634, 0, 0.107527, 0.1024, 0.10582, 0.136824, 0.142053, 0.144492, 0.146758
freqs:, 7, 0.129032, 0.0645161, 0, 0.129032, 0.122159, 0.126876, 0.152411, 0.158914, 0.160203, 0.163154
freqs:, 8, 0.150538, 0.0752688, 0, 0.150538, 0.141439, 0.147858, 0.169232, 0.176778, 0.176979, 0.180622
freqs:, 9, 0.172043, 0.0860215, 0, 0.172043, 0.160138, 0.168744, 0.187086, 0.194552, 0.195371, 0.19888
freqs:, 10, 0.193548, 0.0967742, 0, 0.193548, 0.178212, 0.189502, 0.205805, 0.212738, 0.214501, 0.217728
freqs:, 11, 0.215054, 0.107527, 0, 0.215054, 0.195675, 0.210092, 0.225216, 0.231414, 0.234038, 0.237026
freqs:, 12, 0.236559, 0.11828, 0, 0.236559, 0.212584, 0.230468, 0.245152, 0.250503, 0.253886, 0.256672
freqs:, 13, 0.258065, 0.129032, 0, 0.258065, 0.229002, 0.25058, 0.26547, 0.269954, 0.273978, 0.276592
freqs:, 14, 0.27957, 0.139785, 0, 0.27957, 0.244986, 0.270378, 0.286063, 0.289733, 0.294262, 0.29673
freqs:, 15, 0.301075, 0.150538, 0, 0.301075, 0.260578, 0.289824, 0.306851, 0.309806, 0.3147, 0.317044
freqs:, 16, 0.322581, 0.16129, 0, 0.322581, 0.275812, 0.308888, 0.327783, 0.330139, 0.335264, 0.337503
freqs:, 17, 0.344086, 0.172043, 0, 0.344086, 0.290711, 0.327554, 0.348819, 0.350692, 0.35593, 0.35808
freqs:, 18, 0.365591, 0.182796, 0, 0.365591, 0.305292, 0.345813, 0.369934, 0.371426, 0.376679, 0.378756
freqs:, 19, 0.387097, 0.193548, 0, 0.387097, 0.319566, 0.363658, 0.39111, 0.392303, 0.397496, 0.399515
freqs:, 20, 0.408602, 0.204301, 0, 0.408602, 0.333539, 0.381081, 0.412333, 0.413293, 0.418368, 0.420344
freqs:, 21, 0.430108, 0.215054, 0, 0.430108, 0.347209, 0.398076, 0.433592, 0.434371, 0.439281, 0.441232
freqs:, 22, 0.451613, 0.225806, 0, 0.451613, 0.360563, 0.414636, 0.45488, 0.455519, 0.460222, 0.46217
freqs:, 23, 0.473118, 0.236559, 0, 0.473118, 0.37358, 0.430753, 0.476189, 0.476722, 0.481168, 0.48315
freqs:, 24, 0.494624, 0.247312, 0, 0.494624, 0.386218, 0.446418, 0.497509, 0.497967, 0.502075, 0.504163
freqs:, 25, 0.516129, 0.258065, 0, 0.516129, 0.398411, 0.46162, 0.518809, 0.519247, 0.522797, 0.525202
freqs:, 26, 0.537634, 0.268817, 0, 0.537634, 0.41005, 0.47634, 0.539032, 0.540555, 0.542177, 0.546249
freqs:, 27, 0.55914, 0.27957, 0, 0.55914, 0.420964, 0.490544, 0.535902, 0.548849, 0.561884, 0.567189
freqs:, 28, 0.580645, 0.290323, 0, 0.580645, 0.430879, 0.50417, 0.530547, 0.545733, 0.571219, 0.583221
freqs:, 29, 0.602151, 0.301075, 0, 0.602151, 0.439381, 0.517091, 0.526371, 0.541366, 0.565066, 0.601127
freqs:, 30, 0.623656, 0.311828, 0, 0.623656, 0.445914, 0.524122, 0.529044, 0.536749, 0.558936, 0.595473
freqs:, 31, 0.645161, 0.322581, 0, 0.645161, 0.44993, 0.524428, 0.532131, 0.539446, 0.552936, 0.59098
freqs:, 32, 0.666667, 0.333333, 0, 0.666667, 0.451233, 0.527491, 0.527652, 0.547101, 0.547108, 0.589103
freqs:, 33, 0.66129, 0.33871, 0, 0.661356, 0.450926, 0.525276, 0.5302, 0.544261, 0.549408, 0.589661
freqs:, 34, 0.655914, 0.344086, 0, 0.656178, 0.450112, 0.523105, 0.533284, 0.541472, 0.550535, 0.591376
freqs:, 35, 0.650538, 0.349462, 0, 0.651137, 0.448885, 0.520982, 0.536813, 0.53874, 0.55059, 0.59415
freqs:, 36, 0.645161, 0.354839, 0, 0.646236, 0.447333, 0.518911, 0.536066, 0.540698, 0.549801, 0.597755
freqs:, 37, 0.639785, 0.360215, 0, 0.641477, 0.445536, 0.516893, 0.533454, 0.544862, 0.54842, 0.601937
freqs:, 38, 0.634409, 0.365591, 0, 0.636864, 0.44356, 0.514933, 0.530906, 0.546652, 0.549234, 0.606486
freqs:, 39, 0.629032, 0.370968, 0, 0.632401, 0.441459, 0.513032, 0.528427, 0.544644, 0.553757, 0.611238
freqs:, 40, 0.623656, 0.376344, 0, 0.62809, 0.43928, 0.511192, 0.526018, 0.542496, 0.55838, 0.616049
freqs:, 41, 0.61828, 0.38172, 0, 0.623934, 0.437057, 0.509415, 0.523683, 0.540279, 0.563058, 0.620678
freqs:, 42, 0.612903, 0.387097, 0, 0.619937, 0.43482, 0.507704, 0.521425, 0.538038, 0.567746, 0.621968
freqs:, 43, 0.607527, 0.392473, 0, 0.616102, 0.432594, 0.506061, 0.519247, 0.535807, 0.572399, 0.618394
freqs:, 44, 0.602151, 0.397849, 0, 0.612431, 0.430399, 0.504486, 0.517151, 0.533612, 0.576962, 0.614786
freqs:, 45, 0.596774, 0.403226, 0, 0.608929, 0.42825, 0.502982, 0.515142, 0.53147, 0.581366, 0.61132
freqs:, 46, 0.591398, 0.408602, 0, 0.605597, 0.426162, 0.501551, 0.513222, 0.529395, 0.585506, 0.608017
freqs:, 47, 0.586022, 0.413978, 0, 0.602438, 0.424147, 0.500193, 0.511393, 0.5274, 0.589216, 0.604883
freqs:, 48, 0.580645, 0.419355, 0, 0.599456, 0.422215, 0.49891, 0.50966, 0.525492, 0.592223, 0.601922
freqs:, 49, 0.575269, 0.424731, 0, 0.596653, 0.420374, 0.497703, 0.508023, 0.52368, 0.594131, 0.599139
freqs:, 50, 0.569892, 0.430108, 0, 0.594031, 0.418632, 0.496574, 0.506487, 0.521971, 0.594651, 0.596535
freqs:, 51, 0.564516, 0.435484, 0, 0.591593, 0.416996, 0.495523, 0.505053, 0.520369, 0.593815, 0.594114
freqs:, 52, 0.55914, 0.44086, 0, 0.589341, 0.415472, 0.494553, 0.503724, 0.51888, 0.591683, 0.591878
freqs:, 53, 0.553763, 0.446237, 0, 0.587278, 0.414064, 0.493664, 0.502503, 0.517508, 0.589639, 0.589829
freqs:, 54, 0.548387, 0.451613, 0, 0.585405, 0.412778, 0.492856, 0.501391, 0.516256, 0.587778, 0.587969
freqs:, 55, 0.543011, 0.456989, 0, 0.583723, 0.411617, 0.492131, 0.50039, 0.515128, 0.586106, 0.586299
freqs:, 56, 0.537634, 0.462366, 0, 0.582236, 0.410585, 0.491489, 0.499503, 0.514126, 0.584626, 0.584822
freqs:, 57, 0.532258, 0.467742, 0, 0.580944, 0.409685, 0.490932, 0.498731, 0.513253, 0.583341, 0.583539
freqs:, 58, 0.526882, 0.473118, 0, 0.579848, 0.408919, 0.490459, 0.498075, 0.512511, 0.582251, 0.582451
freqs:, 59, 0.521505, 0.478495, 0, 0.57895, 0.408289, 0.490072, 0.497536, 0.511902, 0.581357, 0.581559
freqs:, 60, 0.516129, 0.483871, 0, 0.578251, 0.407797, 0.48977, 0.497117, 0.511426, 0.580661, 0.580865
freqs:, 61, 0.510753, 0.489247, 0, 0.577751, 0.407445, 0.489554, 0.496816, 0.511086, 0.580164, 0.580368
freqs:, 62, 0.505376, 0.494624, 0, 0.57745, 0.407234, 0.489425, 0.496636, 0.510881, 0.579865, 0.58007
freqs:, 63, 0.5, 0.5, 0, 0.57735, 0.407163, 0.489381, 0.496575, 0.510813, 0.579765, 0.579971
freqs:, 64, 0.483871, 0.483871, 0, 0.558726, 0.405579, 0.4895, 0.490787, 0.517592, 0.56133, 0.561487
freqs:, 65, 0.467742, 0.467742, 0, 0.540102, 0.401122, 0.477856, 0.494678, 0.52834, 0.54284, 0.543017
freqs:, 66, 0.451613, 0.451613, 0, 0.521478, 0.394445, 0.465326, 0.500233, 0.524421, 0.52454, 0.539361
freqs:, 67, 0.435484, 0.435484, 0, 0.502853, 0.386198, 0.452323, 0.504066, 0.506108, 0.50825, 0.510374
freqs:, 68, 0.419355, 0.419355, 0, 0.484229, 0.37686, 0.438938, 0.487086, 0.487695, 0.492161, 0.506677
freqs:, 69, 0.403226, 0.403226, 0, 0.465605, 0.366747, 0.425202, 0.468694, 0.46931, 0.473962, 0.475816
freqs:, 70, 0.387097, 0.387097, 0, 0.446981, 0.356058, 0.411128, 0.450265, 0.45096, 0.455782, 0.457657
freqs:, 71, 0.370968, 0.370968, 0, 0.428357, 0.344918, 0.396725, 0.431842, 0.432653, 0.437627, 0.43953
freqs:, 72, 0.354839, 0.354839, 0, 0.409732, 0.333407, 0.381997, 0.413436, 0.4144, 0.419501, 0.42144
freqs:, 73, 0.33871, 0.33871, 0, 0.391108, 0.321573, 0.366948, 0.395055, 0.396211, 0.401411, 0.403395
freqs:, 74, 0.322581, 0.322581, 0, 0.372484, 0.309447, 0.351584, 0.376707, 0.378104, 0.383363, 0.385401
freqs:, 75, 0.306452, 0.306452, 0, 0.35386, 0.297046, 0.335907, 0.3584, 0.360096, 0.365364, 0.367465
freqs:, 76, 0.290323, 0.290323, 0, 0.335236, 0.284377, 0.319924, 0.340144, 0.34221, 0.347424, 0.349598
freqs:, 77, 0.274194, 0.274194, 0, 0.316611, 0.271441, 0.303637, 0.321955, 0.324472, 0.329553, 0.331811
freqs:, 78, 0.258065, 0.258065, 0, 0.297987, 0.258231, 0.287055, 0.303851, 0.306907, 0.311764, 0.314118
freqs:, 79, 0.241935, 0.241935, 0, 0.279363, 0.244737, 0.27019, 0.285858, 0.289541, 0.294071, 0.296535
freqs:, 80, 0.225806, 0.225806, 0, 0.260739, 0.23094, 0.25306, 0.268013, 0.272397, 0.276495, 0.279085
freqs:, 81, 0.209677, 0.209677, 0, 0.242115, 0.216815, 0.235691, 0.250363, 0.255495, 0.25906, 0.261794
freqs:, 82, 0.193548, 0.193548, 0, 0.22349, 0.20233, 0.218114, 0.232977, 0.238857, 0.241795, 0.244697
freqs:, 83, 0.177419, 0.177419, 0, 0.204866, 0.187445, 0.200362, 0.215939, 0.222512, 0.224743, 0.227835
freqs:, 84, 0.16129, 0.16129, 0, 0.186242, 0.172119, 0.182466, 0.199352, 0.206499, 0.207954, 0.211268
freqs:, 85, 0.145161, 0.145161, 0, 0.167618, 0.156325, 0.164456, 0.183329, 0.190881, 0.191499, 0.195069
freqs:, 86, 0.129032, 0.129032, 0, 0.148994, 0.140061, 0.146355, 0.16798, 0.175472, 0.175746, 0.179339
freqs:, 87, 0.112903, 0.112903, 0, 0.130369, 0.123365, 0.128183, 0.153415, 0.160003, 0.161219, 0.164212
freqs:, 88, 0.0967742, 0.0967742, 0, 0.111745, 0.106302, 0.109955, 0.139764, 0.145269, 0.147474, 0.149873
freqs:, 89, 0.0806452, 0.0806452, 0, 0.093121, 0.088949, 0.091685, 0.127206, 0.131518, 0.134749, 0.136568
freqs:, 90, 0.0645161, 0.0645161, 0, 0.0744968, 0.0713792, 0.0733827, 0.116004, 0.119092, 0.123361, 0.12463
freqs:, 91, 0.0483871, 0.0483871, 0, 0.0558726, 0.0536538, 0.0550564, 0.106521, 0.108447, 0.113714, 0.114487
freqs:, 92, 0.0322581, 0.0322581, 0, 0.0372484, 0.035823, 0.0367132, 0.0992125, 0.100153, 0.106286, 0.106653
freqs:, 93, 0.016129, 0.016129, 0, 0.0186242, 0.017927, 0.0183592, 0.0945627, 0.0948285, 0.101568, 0.101664
freqs:, 94, 0, 0, 0, 0, 0, 0, 0.092962, 0.0929861, 0.0999451, 0.0999452
