zevenfreqs:, k index, k1, k2, k3, kmag/2pi, zeven band 1, zeven band 2
zevenfreqs:, 1, 0, 0, 0, 0, 0, 0.0929621
zevenfreqs:, 2, 0.0215054, 0.0107527, 0, 0.0215054, 0.0206991, 0.0950963
zevenfreqs:, 3, 0.0430108, 0.0215054, 0, 0.0430108, 0.0413502, 0.101218
zevenfreqs:, 4, 0.0645161, 0.0322581, 0, 0.0645161, 0.0618987, 0.110688
zevenfreqs:, 5, 0.0860215, 0.0430108, 0, 0.0860215, 0.0822774, 0.122766
zevenfreqs:, 6, 0.107527, 0.0537634, 0, 0.107527, 0.1024, 0.136824
zevenfreqs:, 7, 0.129032, 0.0645161, 0, 0.129032, 0.12216, 0.152411
zevenfreqs:, 8, 0.150538, 0.0752688, 0, 0.150538, 0.141439, 0.169232
zevenfreqs:, 9, 0.172043, 0.0860215, 0, 0.172043, 0.160139, 0.187087
zevenfreqs:, 10, 0.193548, 0.0967742, 0, 0.193548, 0.178212, 0.205805
zevenfreqs:, 11, 0.215054, 0.107527, 0, 0.215054, 0.195675, 0.225216
zevenfreqs:, 12, 0.236559, 0.11828, 0, 0.236559, 0.212584, 0.245152
zevenfreqs:, 13, 0.258065, 0.129032, 0, 0.258065, 0.229002, 0.26547
zevenfreqs:, 14, 0.27957, 0.139785, 0, 0.27957, 0.244986, 0.286063
zevenfreqs:, 15, 0.301075, 0.150538, 0, 0.301075, 0.260579, 0.306851
zevenfreqs:, 16, 0.322581, 0.16129, 0, 0.322581, 0.275812, 0.327783
zevenfreqs:, 17, 0.344086, 0.172043, 0, 0.344086, 0.290711, 0.348819
zevenfreqs:, 18, 0.365591, 0.182796, 0, 0.365591, 0.305292, 0.369934
zevenfreqs:, 19, 0.387097, 0.193548, 0, 0.387097, 0.319567, 0.39111
zevenfreqs:, 20, 0.408602, 0.204301, 0, 0.408602, 0.33354, 0.412333
zevenfreqs:, 21, 0.430108, 0.215054, 0, 0.430108, 0.347209, 0.433592
zevenfreqs:, 22, 0.451613, 0.225806, 0, 0.451613, 0.360564, 0.45488
zevenfreqs:, 23, 0.473118, 0.236559, 0, 0.473118, 0.373581, 0.476189
zevenfreqs:, 24, 0.494624, 0.247312, 0, 0.494624, 0.386219, 0.497509
zevenfreqs:, 25, 0.516129, 0.258065, 0, 0.516129, 0.398411, 0.518809
zevenfreqs:, 26, 0.537634, 0.268817, 0, 0.537634, 0.410051, 0.539033
zevenfreqs:, 27, 0.55914, 0.27957, 0, 0.55914, 0.420964, 0.535904
zevenfreqs:, 28, 0.580645, 0.290323, 0, 0.580645, 0.43088, 0.530549
zevenfreqs:, 29, 0.602151, 0.301075, 0, 0.602151, 0.439382, 0.526372
zevenfreqs:, 30, 0.623656, 0.311828, 0, 0.623656, 0.445914, 0.524124
zevenfreqs:, 31, 0.645161, 0.322581, 0, 0.645161, 0.44993, 0.52443
zevenfreqs:, 32, 0.666667, 0.333333, 0, 0.666667, 0.451234, 0.527492
zevenfreqs:, 33, 0.66129, 0.33871, 0, 0.661356, 0.450926, 0.525278
zevenfreqs:, 34, 0.655914, 0.344086, 0, 0.656178, 0.450112, 0.523107
zevenfreqs:, 35, 0.650538, 0.349462, 0, 0.651137, 0.448885, 0.520984
zevenfreqs:, 36, 0.645161, 0.354839, 0, 0.646236, 0.447334, 0.518912
zevenfreqs:, 37, 0.639785, 0.360215, 0, 0.641477, 0.445536, 0.516895
zevenfreqs:, 38, 0.634409, 0.365591, 0, 0.636864, 0.44356, 0.514934
zevenfreqs:, 39, 0.629032, 0.370968, 0, 0.632401, 0.44146, 0.513033
zevenfreqs:, 40, 0.623656, 0.376344, 0, 0.62809, 0.43928, 0.511193
zevenfreqs:, 41, 0.61828, 0.38172, 0, 0.623934, 0.437057, 0.509417
zevenfreqs:, 42, 0.612903, 0.387097, 0, 0.619937, 0.434821, 0.507706
zevenfreqs:, 43, 0.607527, 0.392473, 0, 0.616102, 0.432595, 0.506062
zevenfreqs:, 44, 0.602151, 0.397849, 0, 0.612431, 0.430399, 0.504488
zevenfreqs:, 45, 0.596774, 0.403226, 0, 0.608929, 0.428251, 0.502984
zevenfreqs:, 46, 0.591398, 0.408602, 0, 0.605597, 0.426163, 0.501552
zevenfreqs:, 47, 0.586022, 0.413978, 0, 0.602438, 0.424148, 0.500194
zevenfreqs:, 48, 0.580645, 0.419355, 0, 0.599456, 0.422215, 0.498911
zevenfreqs:, 49, 0.575269, 0.424731, 0, 0.596653, 0.420374, 0.497704
zevenfreqs:, 50, 0.569892, 0.430108, 0, 0.594031, 0.418633, 0.496575
zevenfreqs:, 51, 0.564516, 0.435484, 0, 0.591593, 0.416997, 0.495525
zevenfreqs:, 52, 0.55914, 0.44086, 0, 0.589341, 0.415472, 0.494554
zevenfreqs:, 53, 0.553763, 0.446237, 0, 0.587278, 0.414065, 0.493665
zevenfreqs:, 54, 0.548387, 0.451613, 0, 0.585405, 0.412779, 0.492857
zevenfreqs:, 55, 0.543011, 0.456989, 0, 0.583723, 0.411618, 0.492132
zevenfreqs:, 56, 0.537634, 0.462366, 0, 0.582236, 0.410586, 0.49149
zevenfreqs:, 57, 0.532258, 0.467742, 0, 0.580944, 0.409685, 0.490933
zevenfreqs:, 58, 0.526882, 0.473118, 0, 0.579848, 0.408919, 0.49046
zevenfreqs:, 59, 0.521505, 0.478495, 0, 0.57895, 0.408289, 0.490073
zevenfreqs:, 60, 0.516129, 0.483871, 0, 0.578251, 0.407798, 0.489771
zevenfreqs:, 61, 0.510753, 0.489247, 0, 0.577751, 0.407446, 0.489555
zevenfreqs:, 62, 0.505376, 0.494624, 0, 0.57745, 0.407234, 0.489426
zevenfreqs:, 63, 0.5, 0.5, 0, 0.57735, 0.407164, 0.489382
zevenfreqs:, 64, 0.483871, 0.483871, 0, 0.558726, 0.40558, 0.490788
zevenfreqs:, 65, 0.467742, 0.467742, 0, 0.540102, 0.401122, 0.494679
zevenfreqs:, 66, 0.451613, 0.451613, 0, 0.521478, 0.394446, 0.500234
zevenfreqs:, 67, 0.435484, 0.435484, 0, 0.502853, 0.386198, 0.504066
zevenfreqs:, 68, 0.419355, 0.419355, 0, 0.484229, 0.376861, 0.487086
zevenfreqs:, 69, 0.403226, 0.403226, 0, 0.465605, 0.366748, 0.468694
zevenfreqs:, 70, 0.387097, 0.387097, 0, 0.446981, 0.356059, 0.450265
zevenfreqs:, 71, 0.370968, 0.370968, 0, 0.428357, 0.344919, 0.431842
zevenfreqs:, 72, 0.354839, 0.354839, 0, 0.409732, 0.333407, 0.413436
zevenfreqs:, 73, 0.33871, 0.33871, 0, 0.391108, 0.321574, 0.395055
zevenfreqs:, 74, 0.322581, 0.322581, 0, 0.372484, 0.309447, 0.376707
zevenfreqs:, 75, 0.306452, 0.306452, 0, 0.35386, 0.297046, 0.3584
zevenfreqs:, 76, 0.290323, 0.290323, 0, 0.335236, 0.284377, 0.340144
zevenfreqs:, 77, 0.274194, 0.274194, 0, 0.316611, 0.271441, 0.321955
zevenfreqs:, 78, 0.258065, 0.258065, 0, 0.297987, 0.258232, 0.303851
zevenfreqs:, 79, 0.241935, 0.241935, 0, 0.279363, 0.244737, 0.285858
zevenfreqs:, 80, 0.225806, 0.225806, 0, 0.260739, 0.23094, 0.268013
zevenfreqs:, 81, 0.209677, 0.209677, 0, 0.242115, 0.216816, 0.250363
zevenfreqs:, 82, 0.193548, 0.193548, 0, 0.22349, 0.202331, 0.232977
zevenfreqs:, 83, 0.177419, 0.177419, 0, 0.204866, 0.187445, 0.215939
zevenfreqs:, 84, 0.16129, 0.16129, 0, 0.186242, 0.17212, 0.199352
zevenfreqs:, 85, 0.145161, 0.145161, 0, 0.167618, 0.156325, 0.183329
zevenfreqs:, 86, 0.129032, 0.129032, 0, 0.148994, 0.140061, 0.16798
zevenfreqs:, 87, 0.112903, 0.112903, 0, 0.130369, 0.123365, 0.153415
zevenfreqs:, 88, 0.0967742, 0.0967742, 0, 0.111745, 0.106302, 0.139764
zevenfreqs:, 89, 0.0806452, 0.0806452, 0, 0.093121, 0.0889491, 0.127206
zevenfreqs:, 90, 0.0645161, 0.0645161, 0, 0.0744968, 0.0713792, 0.116004
zevenfreqs:, 91, 0.0483871, 0.0483871, 0, 0.0558726, 0.0536539, 0.106521
zevenfreqs:, 92, 0.0322581, 0.0322581, 0, 0.0372484, 0.035823, 0.0992125
zevenfreqs:, 93, 0.016129, 0.016129, 0, 0.0186242, 0.017927, 0.0945628
zevenfreqs:, 94, 0, 0, 0, 0, 0, 0.0929621
