freqs:, k index, k1, k2, k3, kmag/2pi, band 1, band 2, band 3, band 4, band 5, band 6
freqs:, 1, 0, 0, 0, 0, 0, 0, 0.0882392, 0.0882948, 0.0997968, 0.0997977
freqs:, 2, 0.0215054, 0.0107527, 0, 0.0215054, 0.0200543, 0.0210184, 0.0903023, 0.0908447, 0.101877, 0.102078
freqs:, 3, 0.0430108, 0.0215054, 0, 0.0430108, 0.0399694, 0.042016, 0.0962208, 0.0981311, 0.107873, 0.108635
freqs:, 4, 0.0645161, 0.0322581, 0, 0.0645161, 0.0595831, 0.0629697, 0.10545, 0.1092, 0.11718, 0.11876
freqs:, 5, 0.0860215, 0.0430108, 0, 0.0860215, 0.0786948, 0.0838511, 0.117384, 0.123034, 0.129078, 0.131633
freqs:, 6, 0.107527, 0.0537634, 0, 0.107527, 0.0970778, 0.104623, 0.131542, 0.138806, 0.142917, 0.146529
freqs:, 7, 0.129032, 0.0645161, 0, 0.129032, 0.114547, 0.125236, 0.147565, 0.155929, 0.158198, 0.162894
freqs:, 8, 0.150538, 0.0752688, 0, 0.150538, 0.131051, 0.145619, 0.16511, 0.174001, 0.174565, 0.180325
freqs:, 9, 0.172043, 0.0860215, 0, 0.172043, 0.146688, 0.165682, 0.183809, 0.191791, 0.192755, 0.198542
freqs:, 10, 0.193548, 0.0967742, 0, 0.193548, 0.161619, 0.18531, 0.203318, 0.209742, 0.212006, 0.217344
freqs:, 11, 0.215054, 0.107527, 0, 0.215054, 0.175994, 0.204385, 0.223373, 0.228338, 0.231627, 0.236588
freqs:, 12, 0.236559, 0.11828, 0, 0.236559, 0.189925, 0.222808, 0.243795, 0.247519, 0.251529, 0.256173
freqs:, 13, 0.258065, 0.129032, 0, 0.258065, 0.203491, 0.240523, 0.264467, 0.26721, 0.271646, 0.276021
freqs:, 14, 0.27957, 0.139785, 0, 0.27957, 0.216747, 0.257519, 0.285314, 0.287318, 0.291929, 0.296075
freqs:, 15, 0.301075, 0.150538, 0, 0.301075, 0.229737, 0.273812, 0.306286, 0.307747, 0.312339, 0.316288
freqs:, 16, 0.322581, 0.16129, 0, 0.322581, 0.242495, 0.289432, 0.327352, 0.328417, 0.332846, 0.336623
freqs:, 17, 0.344086, 0.172043, 0, 0.344086, 0.255046, 0.304413, 0.348488, 0.349263, 0.353424, 0.357047
freqs:, 18, 0.365591, 0.182796, 0, 0.365591, 0.267411, 0.318795, 0.369678, 0.370239, 0.374049, 0.377527
freqs:, 19, 0.387097, 0.193548, 0, 0.387097, 0.279607, 0.332618, 0.390911, 0.391312, 0.394697, 0.398028
freqs:, 20, 0.408602, 0.204301, 0, 0.408602, 0.291646, 0.345927, 0.412177, 0.412458, 0.415338, 0.418501
freqs:, 21, 0.430108, 0.215054, 0, 0.430108, 0.303535, 0.358767, 0.433471, 0.433661, 0.435926, 0.438876
freqs:, 22, 0.451613, 0.225806, 0, 0.451613, 0.315277, 0.371182, 0.454783, 0.454906, 0.456352, 0.459021
freqs:, 23, 0.473118, 0.236559, 0, 0.473118, 0.32687, 0.383213, 0.47607, 0.476089, 0.476187, 0.478649
freqs:, 24, 0.494624, 0.247312, 0, 0.494624, 0.338303, 0.394894, 0.485426, 0.487215, 0.496826, 0.497494
freqs:, 25, 0.516129, 0.258065, 0, 0.516129, 0.349555, 0.406257, 0.47782, 0.483707, 0.506274, 0.518823
freqs:, 26, 0.537634, 0.268817, 0, 0.537634, 0.360583, 0.417321, 0.470349, 0.478532, 0.503055, 0.52827
freqs:, 27, 0.55914, 0.27957, 0, 0.55914, 0.37131, 0.428094, 0.463239, 0.473189, 0.49807, 0.521862
freqs:, 28, 0.580645, 0.290323, 0, 0.580645, 0.381585, 0.438563, 0.456685, 0.467904, 0.492886, 0.51572
freqs:, 29, 0.602151, 0.301075, 0, 0.602151, 0.391106, 0.448668, 0.451018, 0.462751, 0.487747, 0.509942
freqs:, 30, 0.623656, 0.311828, 0, 0.623656, 0.399245, 0.44689, 0.457766, 0.458247, 0.48273, 0.504724
freqs:, 31, 0.645161, 0.322581, 0, 0.645161, 0.404854, 0.445467, 0.452976, 0.466849, 0.477872, 0.500547
freqs:, 32, 0.666667, 0.333333, 0, 0.666667, 0.406775, 0.447748, 0.448577, 0.473173, 0.473264, 0.498674
freqs:, 33, 0.66129, 0.33871, 0, 0.661356, 0.40635, 0.44552, 0.451268, 0.471004, 0.47488, 0.499272
freqs:, 34, 0.655914, 0.344086, 0, 0.656178, 0.405269, 0.443349, 0.454673, 0.468796, 0.475391, 0.501098
freqs:, 35, 0.650538, 0.349462, 0, 0.651137, 0.403722, 0.441237, 0.458601, 0.466642, 0.474908, 0.503952
freqs:, 36, 0.645161, 0.354839, 0, 0.646236, 0.401866, 0.439185, 0.462901, 0.464544, 0.473761, 0.507505
freqs:, 37, 0.639785, 0.360215, 0, 0.641477, 0.399812, 0.437195, 0.462503, 0.467461, 0.472223, 0.511486
freqs:, 38, 0.634409, 0.365591, 0, 0.636864, 0.397643, 0.435268, 0.460521, 0.470469, 0.472202, 0.515719
freqs:, 39, 0.629032, 0.370968, 0, 0.632401, 0.395413, 0.433405, 0.4586, 0.468606, 0.477069, 0.5201
freqs:, 40, 0.623656, 0.376344, 0, 0.62809, 0.393162, 0.431607, 0.456742, 0.466697, 0.482026, 0.524563
freqs:, 41, 0.61828, 0.38172, 0, 0.623934, 0.39092, 0.429877, 0.454947, 0.464781, 0.487043, 0.529064
freqs:, 42, 0.612903, 0.387097, 0, 0.619937, 0.388707, 0.428214, 0.453218, 0.462885, 0.492101, 0.533575
freqs:, 43, 0.607527, 0.392473, 0, 0.616102, 0.38654, 0.426621, 0.451556, 0.461027, 0.497184, 0.538068
freqs:, 44, 0.602151, 0.397849, 0, 0.612431, 0.384431, 0.425097, 0.449963, 0.45922, 0.502279, 0.542521
freqs:, 45, 0.596774, 0.403226, 0, 0.608929, 0.382392, 0.423646, 0.448441, 0.457473, 0.507375, 0.546906
freqs:, 46, 0.591398, 0.408602, 0, 0.605597, 0.38043, 0.422266, 0.44699, 0.455794, 0.512462, 0.551192
freqs:, 47, 0.586022, 0.413978, 0, 0.602438, 0.378551, 0.42096, 0.445613, 0.454189, 0.517532, 0.555333
freqs:, 48, 0.580645, 0.419355, 0, 0.599456, 0.376764, 0.419727, 0.444311, 0.452662, 0.522575, 0.559269
freqs:, 49, 0.575269, 0.424731, 0, 0.596653, 0.375071, 0.41857, 0.443085, 0.451218, 0.52758, 0.562912
freqs:, 50, 0.569892, 0.430108, 0, 0.594031, 0.373478, 0.41749, 0.441937, 0.44986, 0.532535, 0.566148
freqs:, 51, 0.564516, 0.435484, 0, 0.591593, 0.371989, 0.416485, 0.440868, 0.448592, 0.537425, 0.55395
freqs:, 52, 0.55914, 0.44086, 0, 0.589341, 0.370607, 0.415559, 0.43988, 0.447416, 0.542231, 0.552495
freqs:, 53, 0.553763, 0.446237, 0, 0.587278, 0.369335, 0.41471, 0.438973, 0.446334, 0.546925, 0.551155
freqs:, 54, 0.548387, 0.451613, 0, 0.585405, 0.368177, 0.41394, 0.438148, 0.445349, 0.549934, 0.551471
freqs:, 55, 0.543011, 0.456989, 0, 0.583723, 0.367134, 0.41325, 0.437408, 0.444463, 0.548833, 0.555813
freqs:, 56, 0.537634, 0.462366, 0, 0.582236, 0.366209, 0.41264, 0.436752, 0.443677, 0.547856, 0.559865
freqs:, 57, 0.532258, 0.467742, 0, 0.580944, 0.365403, 0.41211, 0.436182, 0.442994, 0.547004, 0.563494
freqs:, 58, 0.526882, 0.473118, 0, 0.579848, 0.364719, 0.411661, 0.435698, 0.442413, 0.54628, 0.566509
freqs:, 59, 0.521505, 0.478495, 0, 0.57895, 0.364157, 0.411293, 0.435302, 0.441936, 0.545686, 0.568718
freqs:, 60, 0.516129, 0.483871, 0, 0.578251, 0.363719, 0.411007, 0.434992, 0.441564, 0.545222, 0.570082
freqs:, 61, 0.510753, 0.489247, 0, 0.577751, 0.363405, 0.410802, 0.434771, 0.441299, 0.54489, 0.570796
freqs:, 62, 0.505376, 0.494624, 0, 0.57745, 0.363217, 0.410679, 0.434639, 0.441139, 0.544691, 0.571113
freqs:, 63, 0.5, 0.5, 0, 0.57735, 0.363154, 0.410638, 0.434594, 0.441086, 0.544624, 0.571201
freqs:, 64, 0.483871, 0.483871, 0, 0.558726, 0.361122, 0.412617, 0.427963, 0.447578, 0.540549, 0.556712
freqs:, 65, 0.467742, 0.467742, 0, 0.540102, 0.355793, 0.417786, 0.418757, 0.456367, 0.531025, 0.53997
freqs:, 66, 0.451613, 0.451613, 0, 0.521478, 0.348481, 0.409203, 0.424826, 0.465217, 0.518674, 0.522812
freqs:, 67, 0.435484, 0.435484, 0, 0.502853, 0.340071, 0.399414, 0.432843, 0.474008, 0.504361, 0.505389
freqs:, 68, 0.419355, 0.419355, 0, 0.484229, 0.331022, 0.389395, 0.441357, 0.48271, 0.487785, 0.488605
freqs:, 69, 0.403226, 0.403226, 0, 0.465605, 0.321568, 0.379133, 0.450066, 0.46875, 0.47006, 0.471924
freqs:, 70, 0.387097, 0.387097, 0, 0.446981, 0.311832, 0.368605, 0.450078, 0.450328, 0.452252, 0.454716
freqs:, 71, 0.370968, 0.370968, 0, 0.428357, 0.301879, 0.357787, 0.431716, 0.431934, 0.434391, 0.437219
freqs:, 72, 0.354839, 0.354839, 0, 0.409732, 0.291748, 0.346651, 0.413287, 0.413573, 0.4165, 0.41957
freqs:, 73, 0.33871, 0.33871, 0, 0.391108, 0.281458, 0.335167, 0.39487, 0.395253, 0.398597, 0.401846
freqs:, 74, 0.322581, 0.322581, 0, 0.372484, 0.27102, 0.323307, 0.376475, 0.376985, 0.380698, 0.384094
freqs:, 75, 0.306452, 0.306452, 0, 0.35386, 0.260435, 0.311039, 0.358109, 0.358783, 0.362816, 0.366347
freqs:, 76, 0.290323, 0.290323, 0, 0.335236, 0.2497, 0.298337, 0.339779, 0.340667, 0.344965, 0.348631
freqs:, 77, 0.274194, 0.274194, 0, 0.316611, 0.238808, 0.285173, 0.321495, 0.322661, 0.327159, 0.330967
freqs:, 78, 0.258065, 0.258065, 0, 0.297987, 0.227748, 0.271523, 0.303266, 0.304798, 0.309412, 0.313376
freqs:, 79, 0.241935, 0.241935, 0, 0.279363, 0.216504, 0.257364, 0.28511, 0.287124, 0.291742, 0.29588
freqs:, 80, 0.225806, 0.225806, 0, 0.260739, 0.205056, 0.24268, 0.267049, 0.269691, 0.274168, 0.278504
freqs:, 81, 0.209677, 0.209677, 0, 0.242115, 0.193378, 0.227456, 0.249112, 0.252562, 0.256715, 0.261277
freqs:, 82, 0.193548, 0.193548, 0, 0.22349, 0.181436, 0.211696, 0.231345, 0.235798, 0.239413, 0.244235
freqs:, 83, 0.177419, 0.177419, 0, 0.204866, 0.169184, 0.195426, 0.213813, 0.219453, 0.222299, 0.227423
freqs:, 84, 0.16129, 0.16129, 0, 0.186242, 0.156563, 0.178698, 0.196611, 0.203569, 0.205425, 0.210899
freqs:, 85, 0.145161, 0.145161, 0, 0.167618, 0.14349, 0.161585, 0.179877, 0.188185, 0.188858, 0.19474
freqs:, 86, 0.129032, 0.129032, 0, 0.148994, 0.129862, 0.144165, 0.163798, 0.172686, 0.17336, 0.179044
freqs:, 87, 0.112903, 0.112903, 0, 0.130369, 0.115574, 0.126511, 0.148604, 0.157036, 0.159187, 0.163949
freqs:, 88, 0.0967742, 0.0967742, 0, 0.111745, 0.100561, 0.108681, 0.134535, 0.142082, 0.145815, 0.149637
freqs:, 89, 0.0806452, 0.0806452, 0, 0.093121, 0.0848412, 0.0907228, 0.121817, 0.12807, 0.13346, 0.136357
freqs:, 90, 0.0645161, 0.0645161, 0, 0.0744968, 0.0685195, 0.0726718, 0.11067, 0.115343, 0.122423, 0.12444
freqs:, 91, 0.0483871, 0.0483871, 0, 0.0558726, 0.0517419, 0.0545548, 0.101368, 0.104376, 0.113088, 0.114315
freqs:, 92, 0.0322581, 0.0322581, 0, 0.0372484, 0.0346517, 0.036393, 0.0942701, 0.0957763, 0.105913, 0.106494
freqs:, 93, 0.016129, 0.016129, 0, 0.0186242, 0.0173707, 0.0182032, 0.0897806, 0.0902234, 0.101362, 0.101513
freqs:, 94, 0, 0, 0, 0, 0, 0, 0.0882392, 0.0882948, 0.0997968, 0.0997977
