freqs:, k index, k1, k2, k3, kmag/2pi, band 1, band 2, band 3, band 4, band 5, band 6, band 7, band 8, band 9, band 10
freqs:, 1, 0.435, 0, 0, 0.435, 0.384098, 0.403816, 0.407888, 0.433681, 0.435555, 0.435666, 0.439963, 0.440047, 0.440052, 0.440075
freqs:, 2, 0.436585, 0, 0, 0.436585, 0.385076, 0.404644, 0.409047, 0.434885, 0.437135, 0.437245, 0.441529, 0.44161, 0.441619, 0.441642
freqs:, 3, 0.438171, 0, 0, 0.438171, 0.38605, 0.405465, 0.410203, 0.436077, 0.438716, 0.438824, 0.443096, 0.443173, 0.443186, 0.443209
freqs:, 4, 0.439756, 0, 0, 0.439756, 0.387019, 0.406279, 0.411356, 0.437257, 0.440296, 0.440404, 0.444662, 0.444733, 0.444753, 0.444776
freqs:, 5, 0.441341, 0, 0, 0.441341, 0.387984, 0.407085, 0.412505, 0.438425, 0.441876, 0.441983, 0.446229, 0.446289, 0.446321, 0.446343
freqs:, 6, 0.442927, 0, 0, 0.442927, 0.388944, 0.407884, 0.413651, 0.439582, 0.443456, 0.443563, 0.447794, 0.447832, 0.447888, 0.447911
freqs:, 7, 0.444512, 0, 0, 0.444512, 0.389899, 0.408674, 0.414793, 0.440727, 0.445035, 0.445142, 0.449314, 0.449363, 0.449455, 0.449479
freqs:, 8, 0.446098, 0, 0, 0.446098, 0.390849, 0.409457, 0.415932, 0.441861, 0.446611, 0.446722, 0.450253, 0.450929, 0.451023, 0.451046
freqs:, 9, 0.447683, 0, 0, 0.447683, 0.391793, 0.410231, 0.417067, 0.442984, 0.448176, 0.448302, 0.450196, 0.452495, 0.452591, 0.452614
freqs:, 10, 0.449268, 0, 0, 0.449268, 0.392732, 0.410995, 0.418198, 0.444097, 0.449563, 0.449881, 0.450088, 0.454061, 0.454159, 0.454182
freqs:, 11, 0.450854, 0, 0, 0.450854, 0.393666, 0.411751, 0.419326, 0.445198, 0.449442, 0.451408, 0.451461, 0.455627, 0.455727, 0.455751
freqs:, 12, 0.452439, 0, 0, 0.452439, 0.394593, 0.412497, 0.42045, 0.446289, 0.449028, 0.452971, 0.453041, 0.457192, 0.457295, 0.457319
freqs:, 13, 0.454024, 0, 0, 0.454024, 0.395514, 0.413233, 0.421571, 0.44737, 0.448562, 0.454547, 0.454621, 0.458757, 0.458863, 0.458887
freqs:, 14, 0.45561, 0, 0, 0.45561, 0.396429, 0.413959, 0.422687, 0.448063, 0.44844, 0.456126, 0.456202, 0.460319, 0.460431, 0.460456
freqs:, 15, 0.457195, 0, 0, 0.457195, 0.397337, 0.414673, 0.4238, 0.447538, 0.449499, 0.457706, 0.457782, 0.461879, 0.462, 0.462024
freqs:, 16, 0.45878, 0, 0, 0.45878, 0.398237, 0.415376, 0.424909, 0.446991, 0.450548, 0.459286, 0.459362, 0.463428, 0.463568, 0.463593
freqs:, 17, 0.460366, 0, 0, 0.460366, 0.399129, 0.416066, 0.426015, 0.446425, 0.451586, 0.460867, 0.460943, 0.464938, 0.465137, 0.465162
freqs:, 18, 0.461951, 0, 0, 0.461951, 0.400014, 0.416743, 0.427116, 0.445845, 0.452613, 0.462448, 0.462523, 0.46597, 0.466706, 0.466731
freqs:, 19, 0.463537, 0, 0, 0.463537, 0.400889, 0.417407, 0.428213, 0.445253, 0.453629, 0.464029, 0.464104, 0.465758, 0.468275, 0.4683
freqs:, 20, 0.465122, 0, 0, 0.465122, 0.401754, 0.418056, 0.429305, 0.444651, 0.454633, 0.465315, 0.465615, 0.465684, 0.469844, 0.469868
freqs:, 21, 0.466707, 0, 0, 0.466707, 0.40261, 0.41869, 0.430394, 0.444041, 0.455625, 0.464849, 0.467193, 0.467265, 0.471413, 0.471437
freqs:, 22, 0.468293, 0, 0, 0.468293, 0.403454, 0.419307, 0.431477, 0.443427, 0.456603, 0.464375, 0.468775, 0.468846, 0.472982, 0.472998
freqs:, 23, 0.469878, 0, 0, 0.469878, 0.404286, 0.419907, 0.432556, 0.442809, 0.457569, 0.463903, 0.470356, 0.470426, 0.472764, 0.474551
freqs:, 24, 0.471463, 0, 0, 0.471463, 0.405104, 0.420488, 0.43363, 0.442191, 0.458519, 0.463437, 0.471823, 0.471938, 0.472008, 0.476121
freqs:, 25, 0.473049, 0, 0, 0.473049, 0.405908, 0.421049, 0.434698, 0.441574, 0.459452, 0.462981, 0.470881, 0.47352, 0.473588, 0.47769
freqs:, 26, 0.474634, 0, 0, 0.474634, 0.406696, 0.421588, 0.435761, 0.440961, 0.460366, 0.462536, 0.46994, 0.475101, 0.475169, 0.47926
freqs:, 27, 0.47622, 0, 0, 0.47622, 0.407466, 0.422105, 0.436817, 0.440354, 0.461256, 0.462105, 0.469004, 0.476683, 0.47675, 0.480829
freqs:, 28, 0.477805, 0, 0, 0.477805, 0.408216, 0.422598, 0.437866, 0.439757, 0.461689, 0.462115, 0.468081, 0.478265, 0.478331, 0.482399
freqs:, 29, 0.47939, 0, 0, 0.47939, 0.408944, 0.423065, 0.438908, 0.439172, 0.46129, 0.462924, 0.467189, 0.479847, 0.479912, 0.483969
freqs:, 30, 0.480976, 0, 0, 0.480976, 0.409646, 0.423504, 0.438602, 0.43994, 0.460911, 0.463629, 0.46638, 0.481429, 0.481493, 0.485538
freqs:, 31, 0.482561, 0, 0, 0.482561, 0.41032, 0.423913, 0.438051, 0.440962, 0.460553, 0.464009, 0.465875, 0.483011, 0.483075, 0.487108
freqs:, 32, 0.484146, 0, 0, 0.484146, 0.410963, 0.424292, 0.437523, 0.441972, 0.460218, 0.463684, 0.466049, 0.484593, 0.484656, 0.488678
freqs:, 33, 0.485732, 0, 0, 0.485732, 0.41157, 0.424638, 0.437023, 0.442967, 0.459907, 0.462943, 0.466615, 0.486175, 0.486237, 0.489022
freqs:, 34, 0.487317, 0, 0, 0.487317, 0.412136, 0.42495, 0.436555, 0.443944, 0.459624, 0.462097, 0.467257, 0.487756, 0.487818, 0.488505
freqs:, 35, 0.488902, 0, 0, 0.488902, 0.412656, 0.425226, 0.436125, 0.444896, 0.459368, 0.46123, 0.467891, 0.487943, 0.489338, 0.4894
freqs:, 36, 0.490488, 0, 0, 0.490488, 0.413125, 0.425466, 0.435737, 0.445816, 0.459143, 0.460374, 0.468485, 0.487407, 0.49092, 0.490981
freqs:, 37, 0.492073, 0, 0, 0.492073, 0.413536, 0.425668, 0.435397, 0.446692, 0.45895, 0.459546, 0.469022, 0.486919, 0.492502, 0.492562
freqs:, 38, 0.493659, 0, 0, 0.493659, 0.413884, 0.425832, 0.435111, 0.447505, 0.458771, 0.458789, 0.469488, 0.486492, 0.494084, 0.494144
freqs:, 39, 0.495244, 0, 0, 0.495244, 0.414162, 0.425959, 0.434883, 0.448227, 0.458077, 0.458663, 0.469869, 0.486142, 0.495665, 0.495725
freqs:, 40, 0.496829, 0, 0, 0.496829, 0.414364, 0.42605, 0.434717, 0.448812, 0.457511, 0.458572, 0.470153, 0.48588, 0.497247, 0.497307
freqs:, 41, 0.498415, 0, 0, 0.498415, 0.414488, 0.426103, 0.434616, 0.449204, 0.457131, 0.458517, 0.470328, 0.485718, 0.498829, 0.498888
freqs:, 42, 0.5, 0, 0, 0.5, 0.41453, 0.426121, 0.434582, 0.449345, 0.456995, 0.458498, 0.470388, 0.485662, 0.50041, 0.50047
