freqs:, 1, 0, 0, -0.5, 0.5, 0.203062, 0.203062, 0.453593, 0.453593, 0.863698, 0.863698, 1.10638, 1.10638, 1.52815, 1.52815
freqs:, 2, 0, 0, -0.47561, 0.47561, 0.202168, 0.202168, 0.454485, 0.454485, 0.862786, 0.862786, 1.10729, 1.10729, 1.5272, 1.5272
freqs:, 3, 0, 0, -0.45122, 0.45122, 0.199522, 0.199522, 0.457123, 0.457123, 0.860091, 0.860091, 1.10996, 1.10996, 1.52441, 1.52441
freqs:, 4, 0, 0, -0.426829, 0.426829, 0.195231, 0.195231, 0.4614, 0.4614, 0.855726, 0.855726, 1.11429, 1.11429, 1.51989, 1.51989
freqs:, 5, 0, 0, -0.402439, 0.402439, 0.189449, 0.189449, 0.467163, 0.467163, 0.849856, 0.849856, 1.1201, 1.1201, 1.51385, 1.51385
freqs:, 6, 0, 0, -0.378049, 0.378049, 0.182356, 0.182356, 0.474228, 0.474228, 0.842671, 0.842671, 1.12721, 1.12721, 1.50649, 1.50649
freqs:, 7, 0, 0, -0.353659, 0.353659, 0.174137, 0.174137, 0.482412, 0.482412, 0.834366, 0.834366, 1.13542, 1.13542, 1.49803, 1.49803
freqs:, 8, 0, 0, -0.329268, 0.329268, 0.164967, 0.164967, 0.491538, 0.491538, 0.825121, 0.825121, 1.14455, 1.14455, 1.48866, 1.48866
freqs:, 9, 0, 0, -0.304878, 0.304878, 0.155002, 0.155002, 0.501448, 0.501448, 0.8151, 0.8151, 1.15442, 1.15442, 1.47856, 1.47856
freqs:, 10, 0, 0, -0.280488, 0.280488, 0.144377, 0.144377, 0.512004, 0.512004, 0.804443, 0.804443, 1.16489, 1.16489, 1.46789, 1.46789
freqs:, 11, 0, 0, -0.256098, 0.256098, 0.133207, 0.133207, 0.523087, 0.523087, 0.793268, 0.793268, 1.17583, 1.17583, 1.45676, 1.45676
freqs:, 12, 0, 0, -0.231707, 0.231707, 0.121588, 0.121588, 0.534596, 0.534596, 0.781677, 0.781677, 1.18712, 1.18712, 1.4453, 1.4453
freqs:, 13, 0, 0, -0.207317, 0.207317, 0.109599, 0.109599, 0.546444, 0.546444, 0.769759, 0.769759, 1.19867, 1.19867, 1.43361, 1.43361
freqs:, 14, 0, 0, -0.182927, 0.182927, 0.0973076, 0.0973076, 0.558551, 0.558551, 0.75759, 0.75759, 1.21036, 1.21036, 1.4218, 1.4218
freqs:, 15, 0, 0, -0.158537, 0.158537, 0.0847696, 0.0847696, 0.570843, 0.570843, 0.745247, 0.745247, 1.22209, 1.22209, 1.40997, 1.40997
freqs:, 16, 0, 0, -0.134146, 0.134146, 0.0720322, 0.0720322, 0.583238, 0.583238, 0.732808, 0.732808, 1.2337, 1.2337, 1.39827, 1.39827
freqs:, 17, 0, 0, -0.109756, 0.109756, 0.0591359, 0.0591359, 0.595639, 0.595639, 0.720372, 0.720372, 1.245, 1.245, 1.3869, 1.3869
freqs:, 18, 0, 0, -0.0853659, 0.0853659, 0.0461159, 0.0461159, 0.60789, 0.60789, 0.708094, 0.708094, 1.2557, 1.2557, 1.37615, 1.37615
freqs:, 19, 0, 0, -0.0609756, 0.0609756, 0.0330036, 0.0330036, 0.619692, 0.619692, 0.696271, 0.696271, 1.26527, 1.26527, 1.36653, 1.36653
freqs:, 20, 0, 0, -0.0365854, 0.0365854, 0.0198272, 0.0198272, 0.630306, 0.630306, 0.685644, 0.685644, 1.27288, 1.27288, 1.3589, 1.3589
freqs:, 21, 0, 0, -0.0121951, 0.0121951, 0.00661334, 0.00661334, 0.637625, 0.637625, 0.678318, 0.678318, 1.27726, 1.27726, 1.35451, 1.35451
freqs:, 22, 0, 0, 0.0121951, 0.0121951, 0.00661322, 0.00661322, 0.637625, 0.637625, 0.678318, 0.678318, 1.27726, 1.27726, 1.35451, 1.35451
freqs:, 23, 0, 0, 0.0365854, 0.0365854, 0.0198272, 0.0198272, 0.630306, 0.630306, 0.685644, 0.685644, 1.27288, 1.27288, 1.3589, 1.3589
freqs:, 24, 0, 0, 0.0609756, 0.0609756, 0.0330036, 0.0330036, 0.619692, 0.619692, 0.696271, 0.696271, 1.26527, 1.26527, 1.36653, 1.36653
freqs:, 25, 0, 0, 0.0853659, 0.0853659, 0.0461159, 0.0461159, 0.60789, 0.60789, 0.708094, 0.708094, 1.2557, 1.2557, 1.37615, 1.37615
freqs:, 26, 0, 0, 0.109756, 0.109756, 0.0591359, 0.0591359, 0.595639, 0.595639, 0.720372, 0.720372, 1.245, 1.245, 1.3869, 1.3869
freqs:, 27, 0, 0, 0.134146, 0.134146, 0.0720322, 0.0720322, 0.583238, 0.583238, 0.732808, 0.732808, 1.2337, 1.2337, 1.39827, 1.39827
freqs:, 28, 0, 0, 0.158537, 0.158537, 0.0847696, 0.0847696, 0.570843, 0.570843, 0.745247, 0.745247, 1.22209, 1.22209, 1.40997, 1.40997
freqs:, 29, 0, 0, 0.182927, 0.182927, 0.0973076, 0.0973076, 0.558551, 0.558551, 0.75759, 0.75759, 1.21036, 1.21036, 1.4218, 1.4218
freqs:, 30, 0, 0, 0.207317, 0.207317, 0.109599, 0.109599, 0.546444, 0.546444, 0.769759, 0.769759, 1.19867, 1.19867, 1.43361, 1.43361
freqs:, 31, 0, 0, 0.231707, 0.231707, 0.121588, 0.121588, 0.534596, 0.534596, 0.781677, 0.781677, 1.18712, 1.18712, 1.4453, 1.4453
freqs:, 32, 0, 0, 0.256098, 0.256098, 0.133207, 0.133207, 0.523087, 0.523087, 0.793268, 0.793268, 1.17583, 1.17583, 1.45676, 1.45676
freqs:, 33, 0, 0, 0.280488, 0.280488, 0.144377, 0.144377, 0.512004, 0.512004, 0.804443, 0.804443, 1.16489, 1.16489, 1.46789, 1.46789
freqs:, 34, 0, 0, 0.304878, 0.304878, 0.155002, 0.155002, 0.501448, 0.501448, 0.8151, 0.8151, 1.15442, 1.15442, 1.47856, 1.47856
freqs:, 35, 0, 0, 0.329268, 0.329268, 0.164967, 0.164967, 0.491538, 0.491538, 0.825121, 0.825121, 1.14455, 1.14455, 1.48866, 1.48866
freqs:, 36, 0, 0, 0.353659, 0.353659, 0.174137, 0.174137, 0.482412, 0.482412, 0.834366, 0.834366, 1.13542, 1.13542, 1.49803, 1.49803
freqs:, 37, 0, 0, 0.378049, 0.378049, 0.182356, 0.182356, 0.474228, 0.474228, 0.842671, 0.842671, 1.12721, 1.12721, 1.50649, 1.50649
freqs:, 38, 0, 0, 0.402439, 0.402439, 0.189449, 0.189449, 0.467163, 0.467163, 0.849856, 0.849856, 1.1201, 1.1201, 1.51385, 1.51385
freqs:, 39, 0, 0, 0.426829, 0.426829, 0.195231, 0.195231, 0.4614, 0.4614, 0.855726, 0.855726, 1.11429, 1.11429, 1.51989, 1.51989
freqs:, 40, 0, 0, 0.45122, 0.45122, 0.199522, 0.199522, 0.457123, 0.457123, 0.860091, 0.860091, 1.10996, 1.10996, 1.52441, 1.52441
freqs:, 41, 0, 0, 0.47561, 0.47561, 0.202168, 0.202168, 0.454485, 0.454485, 0.862786, 0.862786, 1.10729, 1.10729, 1.5272, 1.5272
freqs:, 42, 0, 0, 0.5, 0.5, 0.203062, 0.203062, 0.453593, 0.453593, 0.863698, 0.863698, 1.10638, 1.10638, 1.52815, 1.52815
freqs:, k index, k1, k2, k3, kmag/2pi, band 1, band 2, band 3, band 4, band 5, band 6, band 7, band 8, band 9, band 10
