freqs:, 1, 0, 0, 0, 0, 0
freqs:, 2, 0, 0.0125, 0, 0.0125, 0.0119047
freqs:, 3, 0, 0.025, 0, 0.025, 0.0237952
freqs:, 4, 0, 0.0375, 0, 0.0375, 0.0356567
freqs:, 5, 0, 0.05, 0, 0.05, 0.0474729
freqs:, 6, 0, 0.0625, 0, 0.0625, 0.0592254
freqs:, 7, 0, 0.075, 0, 0.075, 0.070893
freqs:, 8, 0, 0.0875, 0, 0.0875, 0.0824515
freqs:, 9, 0, 0.1, 0, 0.1, 0.0938734
freqs:, 10, 0, 0.1125, 0, 0.1125, 0.105129
freqs:, 11, 0, 0.125, 0, 0.125, 0.116189
freqs:, 12, 0, 0.1375, 0, 0.1375, 0.127028
freqs:, 13, 0, 0.15, 0, 0.15, 0.137626
freqs:, 14, 0, 0.1625, 0, 0.1625, 0.147974
freqs:, 15, 0, 0.175, 0, 0.175, 0.158075
freqs:, 16, 0, 0.1875, 0, 0.1875, 0.167938
freqs:, 17, 0, 0.2, 0, 0.2, 0.17758
freqs:, 18, 0, 0.2125, 0, 0.2125, 0.187017
freqs:, 19, 0, 0.225, 0, 0.225, 0.196267
freqs:, 20, 0, 0.2375, 0, 0.2375, 0.205344
freqs:, 21, 0, 0.25, 0, 0.25, 0.214257
freqs:, 22, 0, 0.2625, 0, 0.2625, 0.223017
freqs:, 23, 0, 0.275, 0, 0.275, 0.231628
freqs:, 24, 0, 0.2875, 0, 0.2875, 0.240093
freqs:, 25, 0, 0.3, 0, 0.3, 0.248414
freqs:, 26, 0, 0.3125, 0, 0.3125, 0.256588
freqs:, 27, 0, 0.325, 0, 0.325, 0.264611
freqs:, 28, 0, 0.3375, 0, 0.3375, 0.272474
freqs:, 29, 0, 0.35, 0, 0.35, 0.280167
freqs:, 30, 0, 0.3625, 0, 0.3625, 0.287674
freqs:, 31, 0, 0.375, 0, 0.375, 0.294971
freqs:, 32, 0, 0.3875, 0, 0.3875, 0.302028
freqs:, 33, 0, 0.4, 0, 0.4, 0.308804
freqs:, 34, 0, 0.4125, 0, 0.4125, 0.315244
freqs:, 35, 0, 0.425, 0, 0.425, 0.321274
freqs:, 36, 0, 0.4375, 0, 0.4375, 0.326794
freqs:, 37, 0, 0.45, 0, 0.45, 0.331678
freqs:, 38, 0, 0.4625, 0, 0.4625, 0.335768
freqs:, 39, 0, 0.475, 0, 0.475, 0.338884
freqs:, 40, 0, 0.4875, 0, 0.4875, 0.340846
freqs:, 41, 0, 0.5, 0, 0.5, 0.341517
freqs:, 42, 0.0125, 0, 0, 0.0125, 0.0119047
freqs:, 43, 0.0125, 0.0125, 0, 0.0176777, 0.0168325
freqs:, 44, 0.0125, 0.025, 0, 0.0279508, 0.0265987
freqs:, 45, 0.0125, 0.0375, 0, 0.0395285, 0.037578
freqs:, 46, 0.0125, 0.05, 0, 0.0515388, 0.0489239
freqs:, 47, 0.0125, 0.0625, 0, 0.0637377, 0.0603854
freqs:, 48, 0.0125, 0.075, 0, 0.0760345, 0.0718549
freqs:, 49, 0.0125, 0.0875, 0, 0.0883883, 0.083269
freqs:, 50, 0.0125, 0.1, 0, 0.100778, 0.0945805
freqs:, 51, 0.0125, 0.1125, 0, 0.113192, 0.105749
freqs:, 52, 0.0125, 0.125, 0, 0.125623, 0.116737
freqs:, 53, 0.0125, 0.1375, 0, 0.138067, 0.127517
freqs:, 54, 0.0125, 0.15, 0, 0.15052, 0.138064
freqs:, 55, 0.0125, 0.1625, 0, 0.16298, 0.14837
freqs:, 56, 0.0125, 0.175, 0, 0.175446, 0.158435
freqs:, 57, 0.0125, 0.1875, 0, 0.187916, 0.168267
freqs:, 58, 0.0125, 0.2, 0, 0.20039, 0.177883
freqs:, 59, 0.0125, 0.2125, 0, 0.212867, 0.187298
freqs:, 60, 0.0125, 0.225, 0, 0.225347, 0.196529
freqs:, 61, 0.0125, 0.2375, 0, 0.237829, 0.205589
freqs:, 62, 0.0125, 0.25, 0, 0.250312, 0.214488
freqs:, 63, 0.0125, 0.2625, 0, 0.262797, 0.223234
freqs:, 64, 0.0125, 0.275, 0, 0.275284, 0.231834
freqs:, 65, 0.0125, 0.2875, 0, 0.287772, 0.240289
freqs:, 66, 0.0125, 0.3, 0, 0.30026, 0.248601
freqs:, 67, 0.0125, 0.3125, 0, 0.31275, 0.256766
freqs:, 68, 0.0125, 0.325, 0, 0.32524, 0.264781
freqs:, 69, 0.0125, 0.3375, 0, 0.337731, 0.272638
freqs:, 70, 0.0125, 0.35, 0, 0.350223, 0.280325
freqs:, 71, 0.0125, 0.3625, 0, 0.362715, 0.287826
freqs:, 72, 0.0125, 0.375, 0, 0.375208, 0.295119
freqs:, 73, 0.0125, 0.3875, 0, 0.387702, 0.302172
freqs:, 74, 0.0125, 0.4, 0, 0.400195, 0.308945
freqs:, 75, 0.0125, 0.4125, 0, 0.412689, 0.315381
freqs:, 76, 0.0125, 0.425, 0, 0.425184, 0.321408
freqs:, 77, 0.0125, 0.4375, 0, 0.437679, 0.326926
freqs:, 78, 0.0125, 0.45, 0, 0.450174, 0.331809
freqs:, 79, 0.0125, 0.4625, 0, 0.462669, 0.335898
freqs:, 80, 0.0125, 0.475, 0, 0.475164, 0.339013
freqs:, 81, 0.0125, 0.4875, 0, 0.48766, 0.340974
freqs:, 82, 0.0125, 0.5, 0, 0.500156, 0.341645
freqs:, 83, 0.025, 0, 0, 0.025, 0.0237952
freqs:, 84, 0.025, 0.0125, 0, 0.0279508, 0.0265987
freqs:, 85, 0.025, 0.025, 0, 0.0353553, 0.0336249
freqs:, 86, 0.025, 0.0375, 0, 0.0450694, 0.0428196
freqs:, 87, 0.025, 0.05, 0, 0.0559017, 0.0530324
freqs:, 88, 0.025, 0.0625, 0, 0.0673146, 0.0637329
freqs:, 89, 0.025, 0.075, 0, 0.0790569, 0.0746606
freqs:, 90, 0.025, 0.0875, 0, 0.0910014, 0.0856698
freqs:, 91, 0.025, 0.1, 0, 0.103078, 0.0966663
freqs:, 92, 0.025, 0.1125, 0, 0.115244, 0.107582
freqs:, 93, 0.025, 0.125, 0, 0.127475, 0.118362
freqs:, 94, 0.025, 0.1375, 0, 0.139754, 0.128967
freqs:, 95, 0.025, 0.15, 0, 0.152069, 0.139368
freqs:, 96, 0.025, 0.1625, 0, 0.164412, 0.14955
freqs:, 97, 0.025, 0.175, 0, 0.176777, 0.159508
freqs:, 98, 0.025, 0.1875, 0, 0.189159, 0.169251
freqs:, 99, 0.025, 0.2, 0, 0.201556, 0.178789
freqs:, 100, 0.025, 0.2125, 0, 0.213966, 0.188138
freqs:, 101, 0.025, 0.225, 0, 0.226385, 0.197312
freqs:, 102, 0.025, 0.2375, 0, 0.238812, 0.206321
freqs:, 103, 0.025, 0.25, 0, 0.251247, 0.215177
freqs:, 104, 0.025, 0.2625, 0, 0.263688, 0.223885
freqs:, 105, 0.025, 0.275, 0, 0.276134, 0.23245
freqs:, 106, 0.025, 0.2875, 0, 0.288585, 0.240875
freqs:, 107, 0.025, 0.3, 0, 0.30104, 0.249159
freqs:, 108, 0.025, 0.3125, 0, 0.313498, 0.2573
freqs:, 109, 0.025, 0.325, 0, 0.32596, 0.265293
freqs:, 110, 0.025, 0.3375, 0, 0.338425, 0.27313
freqs:, 111, 0.025, 0.35, 0, 0.350892, 0.280799
freqs:, 112, 0.025, 0.3625, 0, 0.363361, 0.288284
freqs:, 113, 0.025, 0.375, 0, 0.375832, 0.295562
freqs:, 114, 0.025, 0.3875, 0, 0.388306, 0.302603
freqs:, 115, 0.025, 0.4, 0, 0.40078, 0.309365
freqs:, 116, 0.025, 0.4125, 0, 0.413257, 0.315792
freqs:, 117, 0.025, 0.425, 0, 0.425735, 0.321811
freqs:, 118, 0.025, 0.4375, 0, 0.438214, 0.327323
freqs:, 119, 0.025, 0.45, 0, 0.450694, 0.3322
freqs:, 120, 0.025, 0.4625, 0, 0.463175, 0.336286
freqs:, 121, 0.025, 0.475, 0, 0.475657, 0.339399
freqs:, 122, 0.025, 0.4875, 0, 0.488141, 0.341359
freqs:, 123, 0.025, 0.5, 0, 0.500625, 0.34203
freqs:, 124, 0.0375, 0, 0, 0.0375, 0.0356568
freqs:, 125, 0.0375, 0.0125, 0, 0.0395285, 0.0375781
freqs:, 126, 0.0375, 0.025, 0, 0.0450694, 0.0428196
freqs:, 127, 0.0375, 0.0375, 0, 0.053033, 0.0503333
freqs:, 128, 0.0375, 0.05, 0, 0.0625, 0.0592288
freqs:, 129, 0.0375, 0.0625, 0, 0.0728869, 0.0689325
freqs:, 130, 0.0375, 0.075, 0, 0.0838525, 0.0790982
freqs:, 131, 0.0375, 0.0875, 0, 0.0951972, 0.0895116
freqs:, 132, 0.0375, 0.1, 0, 0.1068, 0.100031
freqs:, 133, 0.0375, 0.1125, 0, 0.118585, 0.110554
freqs:, 134, 0.0375, 0.125, 0, 0.130504, 0.121009
freqs:, 135, 0.0375, 0.1375, 0, 0.142522, 0.131338
freqs:, 136, 0.0375, 0.15, 0, 0.154616, 0.141505
freqs:, 137, 0.0375, 0.1625, 0, 0.166771, 0.151486
freqs:, 138, 0.0375, 0.175, 0, 0.178973, 0.161274
freqs:, 139, 0.0375, 0.1875, 0, 0.191213, 0.170871
freqs:, 140, 0.0375, 0.2, 0, 0.203485, 0.180285
freqs:, 141, 0.0375, 0.2125, 0, 0.215783, 0.189526
freqs:, 142, 0.0375, 0.225, 0, 0.228104, 0.198606
freqs:, 143, 0.0375, 0.2375, 0, 0.240442, 0.207534
freqs:, 144, 0.0375, 0.25, 0, 0.252797, 0.216318
freqs:, 145, 0.0375, 0.2625, 0, 0.265165, 0.224962
freqs:, 146, 0.0375, 0.275, 0, 0.277545, 0.233471
freqs:, 147, 0.0375, 0.2875, 0, 0.289935, 0.241846
freqs:, 148, 0.0375, 0.3, 0, 0.302335, 0.250085
freqs:, 149, 0.0375, 0.3125, 0, 0.314742, 0.258185
freqs:, 150, 0.0375, 0.325, 0, 0.327156, 0.266142
freqs:, 151, 0.0375, 0.3375, 0, 0.339577, 0.273947
freqs:, 152, 0.0375, 0.35, 0, 0.352003, 0.281586
freqs:, 153, 0.0375, 0.3625, 0, 0.364434, 0.289045
freqs:, 154, 0.0375, 0.375, 0, 0.37687, 0.2963
freqs:, 155, 0.0375, 0.3875, 0, 0.38931, 0.303319
freqs:, 156, 0.0375, 0.4, 0, 0.401754, 0.310063
freqs:, 157, 0.0375, 0.4125, 0, 0.414201, 0.316474
freqs:, 158, 0.0375, 0.425, 0, 0.426651, 0.32248
freqs:, 159, 0.0375, 0.4375, 0, 0.439104, 0.327982
freqs:, 160, 0.0375, 0.45, 0, 0.45156, 0.332851
freqs:, 161, 0.0375, 0.4625, 0, 0.464018, 0.336931
freqs:, 162, 0.0375, 0.475, 0, 0.476478, 0.34004
freqs:, 163, 0.0375, 0.4875, 0, 0.48894, 0.341999
freqs:, 164, 0.0375, 0.5, 0, 0.501404, 0.342669
freqs:, 165, 0.05, 0, 0, 0.05, 0.047473
freqs:, 166, 0.05, 0.0125, 0, 0.0515388, 0.048924
freqs:, 167, 0.05, 0.025, 0, 0.0559017, 0.0530325
freqs:, 168, 0.05, 0.0375, 0, 0.0625, 0.0592288
freqs:, 169, 0.05, 0.05, 0, 0.0707107, 0.066906
freqs:, 170, 0.05, 0.0625, 0, 0.0800391, 0.0755755
freqs:, 171, 0.05, 0.075, 0, 0.0901388, 0.0848867
freqs:, 172, 0.05, 0.0875, 0, 0.100778, 0.0945949
freqs:, 173, 0.05, 0.1, 0, 0.111803, 0.104527
freqs:, 174, 0.05, 0.1125, 0, 0.123111, 0.114558
freqs:, 175, 0.05, 0.125, 0, 0.134629, 0.124593
freqs:, 176, 0.05, 0.1375, 0, 0.146309, 0.134563
freqs:, 177, 0.05, 0.15, 0, 0.158114, 0.144422
freqs:, 178, 0.05, 0.1625, 0, 0.170018, 0.154139
freqs:, 179, 0.05, 0.175, 0, 0.182003, 0.1637
freqs:, 180, 0.05, 0.1875, 0, 0.194052, 0.173102
freqs:, 181, 0.05, 0.2, 0, 0.206155, 0.182347
freqs:, 182, 0.05, 0.2125, 0, 0.218303, 0.191444
freqs:, 183, 0.05, 0.225, 0, 0.230489, 0.200397
freqs:, 184, 0.05, 0.2375, 0, 0.242706, 0.209214
freqs:, 185, 0.05, 0.25, 0, 0.254951, 0.2179
freqs:, 186, 0.05, 0.2625, 0, 0.267219, 0.226458
freqs:, 187, 0.05, 0.275, 0, 0.279508, 0.23489
freqs:, 188, 0.05, 0.2875, 0, 0.291815, 0.243196
freqs:, 189, 0.05, 0.3, 0, 0.304138, 0.251373
freqs:, 190, 0.05, 0.3125, 0, 0.316475, 0.259418
freqs:, 191, 0.05, 0.325, 0, 0.328824, 0.267325
freqs:, 192, 0.05, 0.3375, 0, 0.341184, 0.275084
freqs:, 193, 0.05, 0.35, 0, 0.353553, 0.282683
freqs:, 194, 0.05, 0.3625, 0, 0.365932, 0.290105
freqs:, 195, 0.05, 0.375, 0, 0.378319, 0.297327
freqs:, 196, 0.05, 0.3875, 0, 0.390712, 0.304318
freqs:, 197, 0.05, 0.4, 0, 0.403113, 0.311036
freqs:, 198, 0.05, 0.4125, 0, 0.415519, 0.317426
freqs:, 199, 0.05, 0.425, 0, 0.427931, 0.323414
freqs:, 200, 0.05, 0.4375, 0, 0.440348, 0.328901
freqs:, 201, 0.05, 0.45, 0, 0.452769, 0.333759
freqs:, 202, 0.05, 0.4625, 0, 0.465195, 0.337832
freqs:, 203, 0.05, 0.475, 0, 0.477624, 0.340936
freqs:, 204, 0.05, 0.4875, 0, 0.490057, 0.342893
freqs:, 205, 0.05, 0.5, 0, 0.502494, 0.343562
freqs:, 206, 0.0625, 0, 0, 0.0625, 0.0592255
freqs:, 207, 0.0625, 0.0125, 0, 0.0637377, 0.0603855
freqs:, 208, 0.0625, 0.025, 0, 0.0673146, 0.0637329
freqs:, 209, 0.0625, 0.0375, 0, 0.0728869, 0.0689325
freqs:, 210, 0.0625, 0.05, 0, 0.0800391, 0.0755755
freqs:, 211, 0.0625, 0.0625, 0, 0.0883883, 0.0832808
freqs:, 212, 0.0625, 0.075, 0, 0.0976281, 0.0917359
freqs:, 213, 0.0625, 0.0875, 0, 0.107529, 0.100699
freqs:, 214, 0.0625, 0.1, 0, 0.117925, 0.109987
freqs:, 215, 0.0625, 0.1125, 0, 0.128695, 0.119459
freqs:, 216, 0.0625, 0.125, 0, 0.139754, 0.12901
freqs:, 217, 0.0625, 0.1375, 0, 0.151038, 0.13856
freqs:, 218, 0.0625, 0.15, 0, 0.1625, 0.148053
freqs:, 219, 0.0625, 0.1625, 0, 0.174105, 0.157454
freqs:, 220, 0.0625, 0.175, 0, 0.185826, 0.166742
freqs:, 221, 0.0625, 0.1875, 0, 0.197642, 0.175908
freqs:, 222, 0.0625, 0.2, 0, 0.209538, 0.184949
freqs:, 223, 0.0625, 0.2125, 0, 0.221501, 0.193867
freqs:, 224, 0.0625, 0.225, 0, 0.233519, 0.202665
freqs:, 225, 0.0625, 0.2375, 0, 0.245586, 0.211345
freqs:, 226, 0.0625, 0.25, 0, 0.257694, 0.21991
freqs:, 227, 0.0625, 0.2625, 0, 0.269838, 0.22836
freqs:, 228, 0.0625, 0.275, 0, 0.282013, 0.236696
freqs:, 229, 0.0625, 0.2875, 0, 0.294215, 0.244915
freqs:, 230, 0.0625, 0.3, 0, 0.306441, 0.253015
freqs:, 231, 0.0625, 0.3125, 0, 0.318689, 0.26099
freqs:, 232, 0.0625, 0.325, 0, 0.330955, 0.268833
freqs:, 233, 0.0625, 0.3375, 0, 0.343238, 0.276536
freqs:, 234, 0.0625, 0.35, 0, 0.355537, 0.284084
freqs:, 235, 0.0625, 0.3625, 0, 0.367848, 0.29146
freqs:, 236, 0.0625, 0.375, 0, 0.380173, 0.298641
freqs:, 237, 0.0625, 0.3875, 0, 0.392508, 0.305595
freqs:, 238, 0.0625, 0.4, 0, 0.404853, 0.312281
freqs:, 239, 0.0625, 0.4125, 0, 0.417208, 0.318644
freqs:, 240, 0.0625, 0.425, 0, 0.429571, 0.324609
freqs:, 241, 0.0625, 0.4375, 0, 0.441942, 0.330077
freqs:, 242, 0.0625, 0.45, 0, 0.45432, 0.334922
freqs:, 243, 0.0625, 0.4625, 0, 0.466704, 0.338984
freqs:, 244, 0.0625, 0.475, 0, 0.479094, 0.342083
freqs:, 245, 0.0625, 0.4875, 0, 0.49149, 0.344036
freqs:, 246, 0.0625, 0.5, 0, 0.503891, 0.344705
freqs:, 247, 0.075, 0, 0, 0.075, 0.0708931
freqs:, 248, 0.075, 0.0125, 0, 0.0760345, 0.0718549
freqs:, 249, 0.075, 0.025, 0, 0.0790569, 0.0746607
freqs:, 250, 0.075, 0.0375, 0, 0.0838525, 0.0790983
freqs:, 251, 0.075, 0.05, 0, 0.0901388, 0.0848867
freqs:, 252, 0.075, 0.0625, 0, 0.0976281, 0.0917359
freqs:, 253, 0.075, 0.075, 0, 0.106066, 0.0993841
freqs:, 254, 0.075, 0.0875, 0, 0.115244, 0.107611
freqs:, 255, 0.075, 0.1, 0, 0.125, 0.116236
freqs:, 256, 0.075, 0.1125, 0, 0.135208, 0.125119
freqs:, 257, 0.075, 0.125, 0, 0.145774, 0.134147
freqs:, 258, 0.075, 0.1375, 0, 0.156625, 0.143236
freqs:, 259, 0.075, 0.15, 0, 0.167705, 0.152325
freqs:, 260, 0.075, 0.1625, 0, 0.178973, 0.161372
freqs:, 261, 0.075, 0.175, 0, 0.190394, 0.170352
freqs:, 262, 0.075, 0.1875, 0, 0.201944, 0.179249
freqs:, 263, 0.075, 0.2, 0, 0.2136, 0.188056
freqs:, 264, 0.075, 0.2125, 0, 0.225347, 0.196769
freqs:, 265, 0.075, 0.225, 0, 0.237171, 0.205386
freqs:, 266, 0.075, 0.2375, 0, 0.249061, 0.213907
freqs:, 267, 0.075, 0.25, 0, 0.261008, 0.222329
freqs:, 268, 0.075, 0.2625, 0, 0.273004, 0.230653
freqs:, 269, 0.075, 0.275, 0, 0.285044, 0.238875
freqs:, 270, 0.075, 0.2875, 0, 0.297122, 0.246992
freqs:, 271, 0.075, 0.3, 0, 0.309233, 0.255
freqs:, 272, 0.075, 0.3125, 0, 0.321374, 0.262892
freqs:, 273, 0.075, 0.325, 0, 0.333542, 0.27066
freqs:, 274, 0.075, 0.3375, 0, 0.345733, 0.278295
freqs:, 275, 0.075, 0.35, 0, 0.357946, 0.285781
freqs:, 276, 0.075, 0.3625, 0, 0.370177, 0.293103
freqs:, 277, 0.075, 0.375, 0, 0.382426, 0.300234
freqs:, 278, 0.075, 0.3875, 0, 0.394691, 0.307145
freqs:, 279, 0.075, 0.4, 0, 0.406971, 0.313793
freqs:, 280, 0.075, 0.4125, 0, 0.419263, 0.320123
freqs:, 281, 0.075, 0.425, 0, 0.431567, 0.32606
freqs:, 282, 0.075, 0.4375, 0, 0.443882, 0.331507
freqs:, 283, 0.075, 0.45, 0, 0.456207, 0.336335
freqs:, 284, 0.075, 0.4625, 0, 0.468542, 0.340385
freqs:, 285, 0.075, 0.475, 0, 0.480885, 0.343477
freqs:, 286, 0.075, 0.4875, 0, 0.493235, 0.345427
freqs:, 287, 0.075, 0.5, 0, 0.505594, 0.346094
freqs:, 288, 0.0875, 0, 0, 0.0875, 0.0824516
freqs:, 289, 0.0875, 0.0125, 0, 0.0883883, 0.0832691
freqs:, 290, 0.0875, 0.025, 0, 0.0910014, 0.0856699
freqs:, 291, 0.0875, 0.0375, 0, 0.0951972, 0.0895117
freqs:, 292, 0.0875, 0.05, 0, 0.100778, 0.094595
freqs:, 293, 0.0875, 0.0625, 0, 0.107529, 0.100699
freqs:, 294, 0.0875, 0.075, 0, 0.115244, 0.107611
freqs:, 295, 0.0875, 0.0875, 0, 0.123744, 0.115136
freqs:, 296, 0.0875, 0.1, 0, 0.132877, 0.123111
freqs:, 297, 0.0875, 0.1125, 0, 0.142522, 0.131399
freqs:, 298, 0.0875, 0.125, 0, 0.152582, 0.13989
freqs:, 299, 0.0875, 0.1375, 0, 0.16298, 0.148497
freqs:, 300, 0.0875, 0.15, 0, 0.173656, 0.157158
freqs:, 301, 0.0875, 0.1625, 0, 0.18456, 0.165828
freqs:, 302, 0.0875, 0.175, 0, 0.195656, 0.174475
freqs:, 303, 0.0875, 0.1875, 0, 0.206912, 0.183081
freqs:, 304, 0.0875, 0.2, 0, 0.218303, 0.19163
freqs:, 305, 0.0875, 0.2125, 0, 0.22981, 0.200117
freqs:, 306, 0.0875, 0.225, 0, 0.241415, 0.208533
freqs:, 307, 0.0875, 0.2375, 0, 0.253106, 0.216875
freqs:, 308, 0.0875, 0.25, 0, 0.26487, 0.225138
freqs:, 309, 0.0875, 0.2625, 0, 0.276699, 0.233319
freqs:, 310, 0.0875, 0.275, 0, 0.288585, 0.241412
freqs:, 311, 0.0875, 0.2875, 0, 0.30052, 0.249413
freqs:, 312, 0.0875, 0.3, 0, 0.3125, 0.257316
freqs:, 313, 0.0875, 0.3125, 0, 0.324519, 0.265113
freqs:, 314, 0.0875, 0.325, 0, 0.336573, 0.272795
freqs:, 315, 0.0875, 0.3375, 0, 0.348658, 0.280352
freqs:, 316, 0.0875, 0.35, 0, 0.360772, 0.287769
freqs:, 317, 0.0875, 0.3625, 0, 0.372911, 0.295026
freqs:, 318, 0.0875, 0.375, 0, 0.385073, 0.302101
freqs:, 319, 0.0875, 0.3875, 0, 0.397256, 0.308962
freqs:, 320, 0.0875, 0.4, 0, 0.409458, 0.315566
freqs:, 321, 0.0875, 0.4125, 0, 0.421678, 0.321858
freqs:, 322, 0.0875, 0.425, 0, 0.433914, 0.327763
freqs:, 323, 0.0875, 0.4375, 0, 0.446164, 0.333184
freqs:, 324, 0.0875, 0.45, 0, 0.458428, 0.337993
freqs:, 325, 0.0875, 0.4625, 0, 0.470704, 0.342031
freqs:, 326, 0.0875, 0.475, 0, 0.482992, 0.345114
freqs:, 327, 0.0875, 0.4875, 0, 0.49529, 0.34706
freqs:, 328, 0.0875, 0.5, 0, 0.507599, 0.347726
freqs:, 329, 0.1, 0, 0, 0.1, 0.0938735
freqs:, 330, 0.1, 0.0125, 0, 0.100778, 0.0945807
freqs:, 331, 0.1, 0.025, 0, 0.103078, 0.0966665
freqs:, 332, 0.1, 0.0375, 0, 0.1068, 0.100031
freqs:, 333, 0.1, 0.05, 0, 0.111803, 0.104527
freqs:, 334, 0.1, 0.0625, 0, 0.117925, 0.109987
freqs:, 335, 0.1, 0.075, 0, 0.125, 0.116236
freqs:, 336, 0.1, 0.0875, 0, 0.132877, 0.123111
freqs:, 337, 0.1, 0.1, 0, 0.141421, 0.130465
freqs:, 338, 0.1, 0.1125, 0, 0.15052, 0.138173
freqs:, 339, 0.1, 0.125, 0, 0.160078, 0.146129
freqs:, 340, 0.1, 0.1375, 0, 0.170018, 0.154251
freqs:, 341, 0.1, 0.15, 0, 0.180278, 0.162476
freqs:, 342, 0.1, 0.1625, 0, 0.190804, 0.170756
freqs:, 343, 0.1, 0.175, 0, 0.201556, 0.179058
freqs:, 344, 0.1, 0.1875, 0, 0.2125, 0.187356
freqs:, 345, 0.1, 0.2, 0, 0.223607, 0.195633
freqs:, 346, 0.1, 0.2125, 0, 0.234854, 0.203877
freqs:, 347, 0.1, 0.225, 0, 0.246221, 0.212077
freqs:, 348, 0.1, 0.2375, 0, 0.257694, 0.220225
freqs:, 349, 0.1, 0.25, 0, 0.269258, 0.228315
freqs:, 350, 0.1, 0.2625, 0, 0.280903, 0.236339
freqs:, 351, 0.1, 0.275, 0, 0.292617, 0.244291
freqs:, 352, 0.1, 0.2875, 0, 0.304395, 0.252163
freqs:, 353, 0.1, 0.3, 0, 0.316228, 0.25995
freqs:, 354, 0.1, 0.3125, 0, 0.32811, 0.267642
freqs:, 355, 0.1, 0.325, 0, 0.340037, 0.275228
freqs:, 356, 0.1, 0.3375, 0, 0.352003, 0.282698
freqs:, 357, 0.1, 0.35, 0, 0.364005, 0.290036
freqs:, 358, 0.1, 0.3625, 0, 0.37604, 0.297223
freqs:, 359, 0.1, 0.375, 0, 0.388104, 0.304234
freqs:, 360, 0.1, 0.3875, 0, 0.400195, 0.311038
freqs:, 361, 0.1, 0.4, 0, 0.412311, 0.317593
freqs:, 362, 0.1, 0.4125, 0, 0.424448, 0.323842
freqs:, 363, 0.1, 0.425, 0, 0.436606, 0.329712
freqs:, 364, 0.1, 0.4375, 0, 0.448783, 0.335104
freqs:, 365, 0.1, 0.45, 0, 0.460977, 0.339892
freqs:, 366, 0.1, 0.4625, 0, 0.473187, 0.343915
freqs:, 367, 0.1, 0.475, 0, 0.485412, 0.346989
freqs:, 368, 0.1, 0.4875, 0, 0.497651, 0.348931
freqs:, 369, 0.1, 0.5, 0, 0.509902, 0.349596
freqs:, 370, 0.1125, 0, 0, 0.1125, 0.105129
freqs:, 371, 0.1125, 0.0125, 0, 0.113192, 0.105749
freqs:, 372, 0.1125, 0.025, 0, 0.115244, 0.107582
freqs:, 373, 0.1125, 0.0375, 0, 0.118585, 0.110555
freqs:, 374, 0.1125, 0.05, 0, 0.123111, 0.114558
freqs:, 375, 0.1125, 0.0625, 0, 0.128695, 0.119459
freqs:, 376, 0.1125, 0.075, 0, 0.135208, 0.125119
freqs:, 377, 0.1125, 0.0875, 0, 0.142522, 0.131399
freqs:, 378, 0.1125, 0.1, 0, 0.15052, 0.138173
freqs:, 379, 0.1125, 0.1125, 0, 0.159099, 0.145327
freqs:, 380, 0.1125, 0.125, 0, 0.16817, 0.152766
freqs:, 381, 0.1125, 0.1375, 0, 0.177658, 0.160413
freqs:, 382, 0.1125, 0.15, 0, 0.1875, 0.168205
freqs:, 383, 0.1125, 0.1625, 0, 0.197642, 0.176095
freqs:, 384, 0.1125, 0.175, 0, 0.208041, 0.184045
freqs:, 385, 0.1125, 0.1875, 0, 0.218661, 0.192028
freqs:, 386, 0.1125, 0.2, 0, 0.229469, 0.200024
freqs:, 387, 0.1125, 0.2125, 0, 0.240442, 0.208015
freqs:, 388, 0.1125, 0.225, 0, 0.251558, 0.215988
freqs:, 389, 0.1125, 0.2375, 0, 0.262797, 0.223931
freqs:, 390, 0.1125, 0.25, 0, 0.274146, 0.231836
freqs:, 391, 0.1125, 0.2625, 0, 0.285591, 0.239692
freqs:, 392, 0.1125, 0.275, 0, 0.297122, 0.247492
freqs:, 393, 0.1125, 0.2875, 0, 0.308727, 0.255226
freqs:, 394, 0.1125, 0.3, 0, 0.3204, 0.262887
freqs:, 395, 0.1125, 0.3125, 0, 0.332133, 0.270464
freqs:, 396, 0.1125, 0.325, 0, 0.34392, 0.277947
freqs:, 397, 0.1125, 0.3375, 0, 0.355756, 0.285322
freqs:, 398, 0.1125, 0.35, 0, 0.367636, 0.292574
freqs:, 399, 0.1125, 0.3625, 0, 0.379556, 0.299683
freqs:, 400, 0.1125, 0.375, 0, 0.391511, 0.306624
freqs:, 401, 0.1125, 0.3875, 0, 0.4035, 0.313366
freqs:, 402, 0.1125, 0.4, 0, 0.415519, 0.319866
freqs:, 403, 0.1125, 0.4125, 0, 0.427566, 0.326069
freqs:, 404, 0.1125, 0.425, 0, 0.439638, 0.331899
freqs:, 405, 0.1125, 0.4375, 0, 0.451733, 0.337261
freqs:, 406, 0.1125, 0.45, 0, 0.463849, 0.342025
freqs:, 407, 0.1125, 0.4625, 0, 0.475986, 0.346032
freqs:, 408, 0.1125, 0.475, 0, 0.488141, 0.349097
freqs:, 409, 0.1125, 0.4875, 0, 0.500312, 0.351033
freqs:, 410, 0.1125, 0.5, 0, 0.5125, 0.351697
freqs:, 411, 0.125, 0, 0, 0.125, 0.11619
freqs:, 412, 0.125, 0.0125, 0, 0.125623, 0.116738
freqs:, 413, 0.125, 0.025, 0, 0.127475, 0.118363
freqs:, 414, 0.125, 0.0375, 0, 0.130504, 0.121009
freqs:, 415, 0.125, 0.05, 0, 0.134629, 0.124593
freqs:, 416, 0.125, 0.0625, 0, 0.139754, 0.12901
freqs:, 417, 0.125, 0.075, 0, 0.145774, 0.134147
freqs:, 418, 0.125, 0.0875, 0, 0.152582, 0.13989
freqs:, 419, 0.125, 0.1, 0, 0.160078, 0.146129
freqs:, 420, 0.125, 0.1125, 0, 0.16817, 0.152766
freqs:, 421, 0.125, 0.125, 0, 0.176777, 0.159716
freqs:, 422, 0.125, 0.1375, 0, 0.185826, 0.166907
freqs:, 423, 0.125, 0.15, 0, 0.195256, 0.174279
freqs:, 424, 0.125, 0.1625, 0, 0.205015, 0.181784
freqs:, 425, 0.125, 0.175, 0, 0.215058, 0.189386
freqs:, 426, 0.125, 0.1875, 0, 0.225347, 0.197054
freqs:, 427, 0.125, 0.2, 0, 0.23585, 0.204764
freqs:, 428, 0.125, 0.2125, 0, 0.246539, 0.212496
freqs:, 429, 0.125, 0.225, 0, 0.257391, 0.220235
freqs:, 430, 0.125, 0.2375, 0, 0.268386, 0.227966
freqs:, 431, 0.125, 0.25, 0, 0.279508, 0.235677
freqs:, 432, 0.125, 0.2625, 0, 0.290743, 0.243357
freqs:, 433, 0.125, 0.275, 0, 0.302076, 0.250996
freqs:, 434, 0.125, 0.2875, 0, 0.313498, 0.258584
freqs:, 435, 0.125, 0.3, 0, 0.325, 0.266111
freqs:, 436, 0.125, 0.3125, 0, 0.336573, 0.273566
freqs:, 437, 0.125, 0.325, 0, 0.34821, 0.280938
freqs:, 438, 0.125, 0.3375, 0, 0.359905, 0.288211
freqs:, 439, 0.125, 0.35, 0, 0.371652, 0.295371
freqs:, 440, 0.125, 0.3625, 0, 0.383447, 0.302396
freqs:, 441, 0.125, 0.375, 0, 0.395285, 0.309262
freqs:, 442, 0.125, 0.3875, 0, 0.407162, 0.315937
freqs:, 443, 0.125, 0.4, 0, 0.419076, 0.322378
freqs:, 444, 0.125, 0.4125, 0, 0.431023, 0.32853
freqs:, 445, 0.125, 0.425, 0, 0.443001, 0.334319
freqs:, 446, 0.125, 0.4375, 0, 0.455007, 0.339646
freqs:, 447, 0.125, 0.45, 0, 0.467039, 0.344385
freqs:, 448, 0.125, 0.4625, 0, 0.479094, 0.348375
freqs:, 449, 0.125, 0.475, 0, 0.491172, 0.35143
freqs:, 450, 0.125, 0.4875, 0, 0.503271, 0.353362
freqs:, 451, 0.125, 0.5, 0, 0.515388, 0.354024
freqs:, 452, 0.1375, 0, 0, 0.1375, 0.127028
freqs:, 453, 0.1375, 0.0125, 0, 0.138067, 0.127517
freqs:, 454, 0.1375, 0.025, 0, 0.139754, 0.128968
freqs:, 455, 0.1375, 0.0375, 0, 0.142522, 0.131339
freqs:, 456, 0.1375, 0.05, 0, 0.146309, 0.134563
freqs:, 457, 0.1375, 0.0625, 0, 0.151038, 0.13856
freqs:, 458, 0.1375, 0.075, 0, 0.156625, 0.143236
freqs:, 459, 0.1375, 0.0875, 0, 0.16298, 0.148497
freqs:, 460, 0.1375, 0.1, 0, 0.170018, 0.154252
freqs:, 461, 0.1375, 0.1125, 0, 0.177658, 0.160413
freqs:, 462, 0.1375, 0.125, 0, 0.185826, 0.166907
freqs:, 463, 0.1375, 0.1375, 0, 0.194454, 0.173667
freqs:, 464, 0.1375, 0.15, 0, 0.203485, 0.180637
freqs:, 465, 0.1375, 0.1625, 0, 0.212867, 0.187771
freqs:, 466, 0.1375, 0.175, 0, 0.222556, 0.195032
freqs:, 467, 0.1375, 0.1875, 0, 0.232513, 0.202388
freqs:, 468, 0.1375, 0.2, 0, 0.242706, 0.209814
freqs:, 469, 0.1375, 0.2125, 0, 0.253106, 0.217286
freqs:, 470, 0.1375, 0.225, 0, 0.263688, 0.224787
freqs:, 471, 0.1375, 0.2375, 0, 0.274431, 0.232301
freqs:, 472, 0.1375, 0.25, 0, 0.285318, 0.239813
freqs:, 473, 0.1375, 0.2625, 0, 0.296332, 0.247312
freqs:, 474, 0.1375, 0.275, 0, 0.307459, 0.254784
freqs:, 475, 0.1375, 0.2875, 0, 0.318689, 0.26222
freqs:, 476, 0.1375, 0.3, 0, 0.330009, 0.269607
freqs:, 477, 0.1375, 0.3125, 0, 0.341413, 0.276934
freqs:, 478, 0.1375, 0.325, 0, 0.35289, 0.284187
freqs:, 479, 0.1375, 0.3375, 0, 0.364434, 0.291353
freqs:, 480, 0.1375, 0.35, 0, 0.37604, 0.298415
freqs:, 481, 0.1375, 0.3625, 0, 0.387702, 0.305352
freqs:, 482, 0.1375, 0.375, 0, 0.399414, 0.312138
freqs:, 483, 0.1375, 0.3875, 0, 0.411172, 0.318742
freqs:, 484, 0.1375, 0.4, 0, 0.422973, 0.32512
freqs:, 485, 0.1375, 0.4125, 0, 0.434813, 0.331218
freqs:, 486, 0.1375, 0.425, 0, 0.446689, 0.336962
freqs:, 487, 0.1375, 0.4375, 0, 0.458598, 0.342253
freqs:, 488, 0.1375, 0.45, 0, 0.470538, 0.346966
freqs:, 489, 0.1375, 0.4625, 0, 0.482506, 0.350938
freqs:, 490, 0.1375, 0.475, 0, 0.494501, 0.353982
freqs:, 491, 0.1375, 0.4875, 0, 0.50652, 0.35591
freqs:, 492, 0.1375, 0.5, 0, 0.518562, 0.356571
freqs:, 493, 0.15, 0, 0, 0.15, 0.137626
freqs:, 494, 0.15, 0.0125, 0, 0.15052, 0.138065
freqs:, 495, 0.15, 0.025, 0, 0.152069, 0.139369
freqs:, 496, 0.15, 0.0375, 0, 0.154616, 0.141505
freqs:, 497, 0.15, 0.05, 0, 0.158114, 0.144422
freqs:, 498, 0.15, 0.0625, 0, 0.1625, 0.148054
freqs:, 499, 0.15, 0.075, 0, 0.167705, 0.152325
freqs:, 500, 0.15, 0.0875, 0, 0.173656, 0.157159
freqs:, 501, 0.15, 0.1, 0, 0.180278, 0.162477
freqs:, 502, 0.15, 0.1125, 0, 0.1875, 0.168205
freqs:, 503, 0.15, 0.125, 0, 0.195256, 0.174279
freqs:, 504, 0.15, 0.1375, 0, 0.203485, 0.180637
freqs:, 505, 0.15, 0.15, 0, 0.212132, 0.187228
freqs:, 506, 0.15, 0.1625, 0, 0.221148, 0.194009
freqs:, 507, 0.15, 0.175, 0, 0.230489, 0.200941
freqs:, 508, 0.15, 0.1875, 0, 0.240117, 0.207993
freqs:, 509, 0.15, 0.2, 0, 0.25, 0.215138
freqs:, 510, 0.15, 0.2125, 0, 0.260108, 0.222352
freqs:, 511, 0.15, 0.225, 0, 0.270416, 0.229615
freqs:, 512, 0.15, 0.2375, 0, 0.280903, 0.23691
freqs:, 513, 0.15, 0.25, 0, 0.291548, 0.244221
freqs:, 514, 0.15, 0.2625, 0, 0.302335, 0.251534
freqs:, 515, 0.15, 0.275, 0, 0.313249, 0.258836
freqs:, 516, 0.15, 0.2875, 0, 0.324278, 0.266114
freqs:, 517, 0.15, 0.3, 0, 0.33541, 0.273357
freqs:, 518, 0.15, 0.3125, 0, 0.346636, 0.28055
freqs:, 519, 0.15, 0.325, 0, 0.357946, 0.287682
freqs:, 520, 0.15, 0.3375, 0, 0.369332, 0.294736
freqs:, 521, 0.15, 0.35, 0, 0.380789, 0.301696
freqs:, 522, 0.15, 0.3625, 0, 0.392309, 0.308539
freqs:, 523, 0.15, 0.375, 0, 0.403887, 0.315242
freqs:, 524, 0.15, 0.3875, 0, 0.415519, 0.32177
freqs:, 525, 0.15, 0.4, 0, 0.4272, 0.328083
freqs:, 526, 0.15, 0.4125, 0, 0.438926, 0.334124
freqs:, 527, 0.15, 0.425, 0, 0.450694, 0.33982
freqs:, 528, 0.15, 0.4375, 0, 0.4625, 0.345074
freqs:, 529, 0.15, 0.45, 0, 0.474342, 0.349758
freqs:, 530, 0.15, 0.4625, 0, 0.486216, 0.353712
freqs:, 531, 0.15, 0.475, 0, 0.498121, 0.356746
freqs:, 532, 0.15, 0.4875, 0, 0.510055, 0.358669
freqs:, 533, 0.15, 0.5, 0, 0.522015, 0.359329
freqs:, 534, 0.1625, 0, 0, 0.1625, 0.147975
freqs:, 535, 0.1625, 0.0125, 0, 0.16298, 0.148371
freqs:, 536, 0.1625, 0.025, 0, 0.164412, 0.14955
freqs:, 537, 0.1625, 0.0375, 0, 0.166771, 0.151487
freqs:, 538, 0.1625, 0.05, 0, 0.170018, 0.154139
freqs:, 539, 0.1625, 0.0625, 0, 0.174105, 0.157455
freqs:, 540, 0.1625, 0.075, 0, 0.178973, 0.161373
freqs:, 541, 0.1625, 0.0875, 0, 0.18456, 0.165828
freqs:, 542, 0.1625, 0.1, 0, 0.190804, 0.170757
freqs:, 543, 0.1625, 0.1125, 0, 0.197642, 0.176095
freqs:, 544, 0.1625, 0.125, 0, 0.205015, 0.181784
freqs:, 545, 0.1625, 0.1375, 0, 0.212867, 0.187771
freqs:, 546, 0.1625, 0.15, 0, 0.221148, 0.194009
freqs:, 547, 0.1625, 0.1625, 0, 0.22981, 0.200455
freqs:, 548, 0.1625, 0.175, 0, 0.238812, 0.207074
freqs:, 549, 0.1625, 0.1875, 0, 0.248118, 0.213832
freqs:, 550, 0.1625, 0.2, 0, 0.257694, 0.220704
freqs:, 551, 0.1625, 0.2125, 0, 0.267512, 0.227664
freqs:, 552, 0.1625, 0.225, 0, 0.277545, 0.234691
freqs:, 553, 0.1625, 0.2375, 0, 0.287772, 0.241768
freqs:, 554, 0.1625, 0.25, 0, 0.298172, 0.248877
freqs:, 555, 0.1625, 0.2625, 0, 0.308727, 0.256003
freqs:, 556, 0.1625, 0.275, 0, 0.319423, 0.263131
freqs:, 557, 0.1625, 0.2875, 0, 0.330246, 0.27025
freqs:, 558, 0.1625, 0.3, 0, 0.341184, 0.277344
freqs:, 559, 0.1625, 0.3125, 0, 0.352225, 0.284401
freqs:, 560, 0.1625, 0.325, 0, 0.363361, 0.291407
freqs:, 561, 0.1625, 0.3375, 0, 0.374583, 0.298345
freqs:, 562, 0.1625, 0.35, 0, 0.385884, 0.305199
freqs:, 563, 0.1625, 0.3625, 0, 0.397256, 0.311947
freqs:, 564, 0.1625, 0.375, 0, 0.408695, 0.318562
freqs:, 565, 0.1625, 0.3875, 0, 0.420193, 0.325012
freqs:, 566, 0.1625, 0.4, 0, 0.431748, 0.331256
freqs:, 567, 0.1625, 0.4125, 0, 0.443354, 0.337238
freqs:, 568, 0.1625, 0.425, 0, 0.455007, 0.342885
freqs:, 569, 0.1625, 0.4375, 0, 0.466704, 0.3481
freqs:, 570, 0.1625, 0.45, 0, 0.478441, 0.352755
freqs:, 571, 0.1625, 0.4625, 0, 0.490217, 0.35669
freqs:, 572, 0.1625, 0.475, 0, 0.502027, 0.359714
freqs:, 573, 0.1625, 0.4875, 0, 0.51387, 0.361632
freqs:, 574, 0.1625, 0.5, 0, 0.525744, 0.362291
freqs:, 575, 0.175, 0, 0, 0.175, 0.158075
freqs:, 576, 0.175, 0.0125, 0, 0.175446, 0.158435
freqs:, 577, 0.175, 0.025, 0, 0.176777, 0.159509
freqs:, 578, 0.175, 0.0375, 0, 0.178973, 0.161275
freqs:, 579, 0.175, 0.05, 0, 0.182003, 0.1637
freqs:, 580, 0.175, 0.0625, 0, 0.185826, 0.166743
freqs:, 581, 0.175, 0.075, 0, 0.190394, 0.170352
freqs:, 582, 0.175, 0.0875, 0, 0.195656, 0.174476
freqs:, 583, 0.175, 0.1, 0, 0.201556, 0.179058
freqs:, 584, 0.175, 0.1125, 0, 0.208041, 0.184045
freqs:, 585, 0.175, 0.125, 0, 0.215058, 0.189386
freqs:, 586, 0.175, 0.1375, 0, 0.222556, 0.195033
freqs:, 587, 0.175, 0.15, 0, 0.230489, 0.200942
freqs:, 588, 0.175, 0.1625, 0, 0.238812, 0.207074
freqs:, 589, 0.175, 0.175, 0, 0.247487, 0.213394
freqs:, 590, 0.175, 0.1875, 0, 0.256479, 0.219871
freqs:, 591, 0.175, 0.2, 0, 0.265754, 0.226479
freqs:, 592, 0.175, 0.2125, 0, 0.275284, 0.233191
freqs:, 593, 0.175, 0.225, 0, 0.285044, 0.239988
freqs:, 594, 0.175, 0.2375, 0, 0.295011, 0.246849
freqs:, 595, 0.175, 0.25, 0, 0.305164, 0.253757
freqs:, 596, 0.175, 0.2625, 0, 0.315486, 0.260695
freqs:, 597, 0.175, 0.275, 0, 0.32596, 0.26765
freqs:, 598, 0.175, 0.2875, 0, 0.336573, 0.274607
freqs:, 599, 0.175, 0.3, 0, 0.347311, 0.281552
freqs:, 600, 0.175, 0.3125, 0, 0.358164, 0.28847
freqs:, 601, 0.175, 0.325, 0, 0.369121, 0.295348
freqs:, 602, 0.175, 0.3375, 0, 0.380173, 0.302168
freqs:, 603, 0.175, 0.35, 0, 0.391312, 0.308913
freqs:, 604, 0.175, 0.3625, 0, 0.402531, 0.315561
freqs:, 605, 0.175, 0.375, 0, 0.413824, 0.322087
freqs:, 606, 0.175, 0.3875, 0, 0.425184, 0.328457
freqs:, 607, 0.175, 0.4, 0, 0.436606, 0.33463
freqs:, 608, 0.175, 0.4125, 0, 0.448086, 0.34055
freqs:, 609, 0.175, 0.425, 0, 0.459619, 0.346146
freqs:, 610, 0.175, 0.4375, 0, 0.471202, 0.351321
freqs:, 611, 0.175, 0.45, 0, 0.48283, 0.355948
freqs:, 612, 0.175, 0.4625, 0, 0.494501, 0.359864
freqs:, 613, 0.175, 0.475, 0, 0.506211, 0.362877
freqs:, 614, 0.175, 0.4875, 0, 0.517959, 0.364791
freqs:, 615, 0.175, 0.5, 0, 0.529741, 0.365449
freqs:, 616, 0.1875, 0, 0, 0.1875, 0.167938
freqs:, 617, 0.1875, 0.0125, 0, 0.187916, 0.168268
freqs:, 618, 0.1875, 0.025, 0, 0.189159, 0.169251
freqs:, 619, 0.1875, 0.0375, 0, 0.191213, 0.170872
freqs:, 620, 0.1875, 0.05, 0, 0.194052, 0.173102
freqs:, 621, 0.1875, 0.0625, 0, 0.197642, 0.175909
freqs:, 622, 0.1875, 0.075, 0, 0.201944, 0.17925
freqs:, 623, 0.1875, 0.0875, 0, 0.206912, 0.183081
freqs:, 624, 0.1875, 0.1, 0, 0.2125, 0.187356
freqs:, 625, 0.1875, 0.1125, 0, 0.218661, 0.192029
freqs:, 626, 0.1875, 0.125, 0, 0.225347, 0.197054
freqs:, 627, 0.1875, 0.1375, 0, 0.232513, 0.202389
freqs:, 628, 0.1875, 0.15, 0, 0.240117, 0.207994
freqs:, 629, 0.1875, 0.1625, 0, 0.248118, 0.213832
freqs:, 630, 0.1875, 0.175, 0, 0.256479, 0.219871
freqs:, 631, 0.1875, 0.1875, 0, 0.265165, 0.226081
freqs:, 632, 0.1875, 0.2, 0, 0.274146, 0.232435
freqs:, 633, 0.1875, 0.2125, 0, 0.283395, 0.238908
freqs:, 634, 0.1875, 0.225, 0, 0.292884, 0.24548
freqs:, 635, 0.1875, 0.2375, 0, 0.302593, 0.252129
freqs:, 636, 0.1875, 0.25, 0, 0.3125, 0.258839
freqs:, 637, 0.1875, 0.2625, 0, 0.322587, 0.265592
freqs:, 638, 0.1875, 0.275, 0, 0.332838, 0.272374
freqs:, 639, 0.1875, 0.2875, 0, 0.343238, 0.279169
freqs:, 640, 0.1875, 0.3, 0, 0.353774, 0.285963
freqs:, 641, 0.1875, 0.3125, 0, 0.364434, 0.292742
freqs:, 642, 0.1875, 0.325, 0, 0.375208, 0.299489
freqs:, 643, 0.1875, 0.3375, 0, 0.386086, 0.30619
freqs:, 644, 0.1875, 0.35, 0, 0.39706, 0.312825
freqs:, 645, 0.1875, 0.3625, 0, 0.408121, 0.319372
freqs:, 646, 0.1875, 0.375, 0, 0.419263, 0.325806
freqs:, 647, 0.1875, 0.3875, 0, 0.430479, 0.332093
freqs:, 648, 0.1875, 0.4, 0, 0.441765, 0.338193
freqs:, 649, 0.1875, 0.4125, 0, 0.453114, 0.344051
freqs:, 650, 0.1875, 0.425, 0, 0.464523, 0.349595
freqs:, 651, 0.1875, 0.4375, 0, 0.475986, 0.354729
freqs:, 652, 0.1875, 0.45, 0, 0.4875, 0.359326
freqs:, 653, 0.1875, 0.4625, 0, 0.499062, 0.363223
freqs:, 654, 0.1875, 0.475, 0, 0.510667, 0.366227
freqs:, 655, 0.1875, 0.4875, 0, 0.522315, 0.368137
freqs:, 656, 0.1875, 0.5, 0, 0.534, 0.368795
freqs:, 657, 0.2, 0, 0, 0.2, 0.17758
freqs:, 658, 0.2, 0.0125, 0, 0.20039, 0.177884
freqs:, 659, 0.2, 0.025, 0, 0.201556, 0.17879
freqs:, 660, 0.2, 0.0375, 0, 0.203485, 0.180285
freqs:, 661, 0.2, 0.05, 0, 0.206155, 0.182348
freqs:, 662, 0.2, 0.0625, 0, 0.209538, 0.18495
freqs:, 663, 0.2, 0.075, 0, 0.2136, 0.188056
freqs:, 664, 0.2, 0.0875, 0, 0.218303, 0.191631
freqs:, 665, 0.2, 0.1, 0, 0.223607, 0.195634
freqs:, 666, 0.2, 0.1125, 0, 0.229469, 0.200024
freqs:, 667, 0.2, 0.125, 0, 0.23585, 0.204764
freqs:, 668, 0.2, 0.1375, 0, 0.242706, 0.209814
freqs:, 669, 0.2, 0.15, 0, 0.25, 0.215138
freqs:, 670, 0.2, 0.1625, 0, 0.257694, 0.220704
freqs:, 671, 0.2, 0.175, 0, 0.265754, 0.226479
freqs:, 672, 0.2, 0.1875, 0, 0.274146, 0.232435
freqs:, 673, 0.2, 0.2, 0, 0.282843, 0.238547
freqs:, 674, 0.2, 0.2125, 0, 0.291815, 0.24479
freqs:, 675, 0.2, 0.225, 0, 0.30104, 0.251143
freqs:, 676, 0.2, 0.2375, 0, 0.310494, 0.257586
freqs:, 677, 0.2, 0.25, 0, 0.320156, 0.264102
freqs:, 678, 0.2, 0.2625, 0, 0.330009, 0.270673
freqs:, 679, 0.2, 0.275, 0, 0.340037, 0.277283
freqs:, 680, 0.2, 0.2875, 0, 0.350223, 0.283918
freqs:, 681, 0.2, 0.3, 0, 0.360555, 0.290562
freqs:, 682, 0.2, 0.3125, 0, 0.371021, 0.2972
freqs:, 683, 0.2, 0.325, 0, 0.381608, 0.303818
freqs:, 684, 0.2, 0.3375, 0, 0.392309, 0.310398
freqs:, 685, 0.2, 0.35, 0, 0.403113, 0.316921
freqs:, 686, 0.2, 0.3625, 0, 0.414012, 0.323366
freqs:, 687, 0.2, 0.375, 0, 0.425, 0.329706
freqs:, 688, 0.2, 0.3875, 0, 0.436069, 0.33591
freqs:, 689, 0.2, 0.4, 0, 0.447214, 0.341936
freqs:, 690, 0.2, 0.4125, 0, 0.458428, 0.34773
freqs:, 691, 0.2, 0.425, 0, 0.469707, 0.353221
freqs:, 692, 0.2, 0.4375, 0, 0.481047, 0.358314
freqs:, 693, 0.2, 0.45, 0, 0.492443, 0.362881
freqs:, 694, 0.2, 0.4625, 0, 0.503891, 0.366759
freqs:, 695, 0.2, 0.475, 0, 0.515388, 0.369754
freqs:, 696, 0.2, 0.4875, 0, 0.526931, 0.371661
freqs:, 697, 0.2, 0.5, 0, 0.538516, 0.372318
freqs:, 698, 0.2125, 0, 0, 0.2125, 0.187018
freqs:, 699, 0.2125, 0.0125, 0, 0.212867, 0.187299
freqs:, 700, 0.2125, 0.025, 0, 0.213966, 0.188139
freqs:, 701, 0.2125, 0.0375, 0, 0.215783, 0.189527
freqs:, 702, 0.2125, 0.05, 0, 0.218303, 0.191444
freqs:, 703, 0.2125, 0.0625, 0, 0.221501, 0.193868
freqs:, 704, 0.2125, 0.075, 0, 0.225347, 0.196769
freqs:, 705, 0.2125, 0.0875, 0, 0.22981, 0.200117
freqs:, 706, 0.2125, 0.1, 0, 0.234854, 0.203877
freqs:, 707, 0.2125, 0.1125, 0, 0.240442, 0.208015
freqs:, 708, 0.2125, 0.125, 0, 0.246539, 0.212496
freqs:, 709, 0.2125, 0.1375, 0, 0.253106, 0.217286
freqs:, 710, 0.2125, 0.15, 0, 0.260108, 0.222352
freqs:, 711, 0.2125, 0.1625, 0, 0.267512, 0.227664
freqs:, 712, 0.2125, 0.175, 0, 0.275284, 0.233192
freqs:, 713, 0.2125, 0.1875, 0, 0.283395, 0.238909
freqs:, 714, 0.2125, 0.2, 0, 0.291815, 0.24479
freqs:, 715, 0.2125, 0.2125, 0, 0.30052, 0.250813
freqs:, 716, 0.2125, 0.225, 0, 0.309485, 0.256956
freqs:, 717, 0.2125, 0.2375, 0, 0.318689, 0.2632
freqs:, 718, 0.2125, 0.25, 0, 0.32811, 0.269526
freqs:, 719, 0.2125, 0.2625, 0, 0.337731, 0.275918
freqs:, 720, 0.2125, 0.275, 0, 0.347536, 0.28236
freqs:, 721, 0.2125, 0.2875, 0, 0.357509, 0.288836
freqs:, 722, 0.2125, 0.3, 0, 0.367636, 0.295331
freqs:, 723, 0.2125, 0.3125, 0, 0.377905, 0.301831
freqs:, 724, 0.2125, 0.325, 0, 0.388306, 0.308318
freqs:, 725, 0.2125, 0.3375, 0, 0.398826, 0.314777
freqs:, 726, 0.2125, 0.35, 0, 0.409458, 0.321188
freqs:, 727, 0.2125, 0.3625, 0, 0.420193, 0.32753
freqs:, 728, 0.2125, 0.375, 0, 0.431023, 0.333777
freqs:, 729, 0.2125, 0.3875, 0, 0.441942, 0.339896
freqs:, 730, 0.2125, 0.4, 0, 0.452942, 0.345847
freqs:, 731, 0.2125, 0.4125, 0, 0.464018, 0.351577
freqs:, 732, 0.2125, 0.425, 0, 0.475164, 0.357015
freqs:, 733, 0.2125, 0.4375, 0, 0.486377, 0.362065
freqs:, 734, 0.2125, 0.45, 0, 0.497651, 0.366602
freqs:, 735, 0.2125, 0.4625, 0, 0.508982, 0.370462
freqs:, 736, 0.2125, 0.475, 0, 0.520366, 0.373449
freqs:, 737, 0.2125, 0.4875, 0, 0.531801, 0.375354
freqs:, 738, 0.2125, 0.5, 0, 0.543283, 0.37601
freqs:, 739, 0.225, 0, 0, 0.225, 0.196268
freqs:, 740, 0.225, 0.0125, 0, 0.225347, 0.19653
freqs:, 741, 0.225, 0.025, 0, 0.226385, 0.197313
freqs:, 742, 0.225, 0.0375, 0, 0.228104, 0.198607
freqs:, 743, 0.225, 0.05, 0, 0.230489, 0.200398
freqs:, 744, 0.225, 0.0625, 0, 0.233519, 0.202666
freqs:, 745, 0.225, 0.075, 0, 0.237171, 0.205387
freqs:, 746, 0.225, 0.0875, 0, 0.241415, 0.208534
freqs:, 747, 0.225, 0.1, 0, 0.246221, 0.212078
freqs:, 748, 0.225, 0.1125, 0, 0.251558, 0.215988
freqs:, 749, 0.225, 0.125, 0, 0.257391, 0.220235
freqs:, 750, 0.225, 0.1375, 0, 0.263688, 0.224787
freqs:, 751, 0.225, 0.15, 0, 0.270416, 0.229616
freqs:, 752, 0.225, 0.1625, 0, 0.277545, 0.234692
freqs:, 753, 0.225, 0.175, 0, 0.285044, 0.239988
freqs:, 754, 0.225, 0.1875, 0, 0.292884, 0.24548
freqs:, 755, 0.225, 0.2, 0, 0.30104, 0.251143
freqs:, 756, 0.225, 0.2125, 0, 0.309485, 0.256956
freqs:, 757, 0.225, 0.225, 0, 0.318198, 0.262897
freqs:, 758, 0.225, 0.2375, 0, 0.327156, 0.268949
freqs:, 759, 0.225, 0.25, 0, 0.336341, 0.275092
freqs:, 760, 0.225, 0.2625, 0, 0.345733, 0.28131
freqs:, 761, 0.225, 0.275, 0, 0.355317, 0.287587
freqs:, 762, 0.225, 0.2875, 0, 0.365077, 0.293908
freqs:, 763, 0.225, 0.3, 0, 0.375, 0.300256
freqs:, 764, 0.225, 0.3125, 0, 0.385073, 0.306618
freqs:, 765, 0.225, 0.325, 0, 0.395285, 0.312976
freqs:, 766, 0.225, 0.3375, 0, 0.405625, 0.319315
freqs:, 767, 0.225, 0.35, 0, 0.416083, 0.325614
freqs:, 768, 0.225, 0.3625, 0, 0.426651, 0.331853
freqs:, 769, 0.225, 0.375, 0, 0.437321, 0.338006
freqs:, 770, 0.225, 0.3875, 0, 0.448086, 0.34404
freqs:, 771, 0.225, 0.4, 0, 0.458939, 0.349916
freqs:, 772, 0.225, 0.4125, 0, 0.469874, 0.35558
freqs:, 773, 0.225, 0.425, 0, 0.480885, 0.360964
freqs:, 774, 0.225, 0.4375, 0, 0.491967, 0.365972
freqs:, 775, 0.225, 0.45, 0, 0.503115, 0.37048
freqs:, 776, 0.225, 0.4625, 0, 0.514326, 0.374323
freqs:, 777, 0.225, 0.475, 0, 0.525595, 0.377301
freqs:, 778, 0.225, 0.4875, 0, 0.536918, 0.379204
freqs:, 779, 0.225, 0.5, 0, 0.548293, 0.379861
freqs:, 780, 0.2375, 0, 0, 0.2375, 0.205344
freqs:, 781, 0.2375, 0.0125, 0, 0.237829, 0.205589
freqs:, 782, 0.2375, 0.025, 0, 0.238812, 0.206322
freqs:, 783, 0.2375, 0.0375, 0, 0.240442, 0.207535
freqs:, 784, 0.2375, 0.05, 0, 0.242706, 0.209215
freqs:, 785, 0.2375, 0.0625, 0, 0.245586, 0.211346
freqs:, 786, 0.2375, 0.075, 0, 0.249061, 0.213907
freqs:, 787, 0.2375, 0.0875, 0, 0.253106, 0.216876
freqs:, 788, 0.2375, 0.1, 0, 0.257694, 0.220226
freqs:, 789, 0.2375, 0.1125, 0, 0.262797, 0.223932
freqs:, 790, 0.2375, 0.125, 0, 0.268386, 0.227966
freqs:, 791, 0.2375, 0.1375, 0, 0.274431, 0.232301
freqs:, 792, 0.2375, 0.15, 0, 0.280903, 0.236911
freqs:, 793, 0.2375, 0.1625, 0, 0.287772, 0.241768
freqs:, 794, 0.2375, 0.175, 0, 0.295011, 0.246849
freqs:, 795, 0.2375, 0.1875, 0, 0.302593, 0.252129
freqs:, 796, 0.2375, 0.2, 0, 0.310494, 0.257587
freqs:, 797, 0.2375, 0.2125, 0, 0.318689, 0.2632
freqs:, 798, 0.2375, 0.225, 0, 0.327156, 0.268949
freqs:, 799, 0.2375, 0.2375, 0, 0.335876, 0.274815
freqs:, 800, 0.2375, 0.25, 0, 0.344828, 0.280782
freqs:, 801, 0.2375, 0.2625, 0, 0.353995, 0.286831
freqs:, 802, 0.2375, 0.275, 0, 0.363361, 0.292948
freqs:, 803, 0.2375, 0.2875, 0, 0.372911, 0.299116
freqs:, 804, 0.2375, 0.3, 0, 0.382631, 0.305321
freqs:, 805, 0.2375, 0.3125, 0, 0.392508, 0.311547
freqs:, 806, 0.2375, 0.325, 0, 0.402531, 0.317778
freqs:, 807, 0.2375, 0.3375, 0, 0.412689, 0.323997
freqs:, 808, 0.2375, 0.35, 0, 0.422973, 0.330186
freqs:, 809, 0.2375, 0.3625, 0, 0.433373, 0.336322
freqs:, 810, 0.2375, 0.375, 0, 0.443882, 0.34238
freqs:, 811, 0.2375, 0.3875, 0, 0.454491, 0.34833
freqs:, 812, 0.2375, 0.4, 0, 0.465195, 0.35413
freqs:, 813, 0.2375, 0.4125, 0, 0.475986, 0.359729
freqs:, 814, 0.2375, 0.425, 0, 0.486859, 0.365059
freqs:, 815, 0.2375, 0.4375, 0, 0.497808, 0.370025
freqs:, 816, 0.2375, 0.45, 0, 0.508828, 0.374503
freqs:, 817, 0.2375, 0.4625, 0, 0.519916, 0.378329
freqs:, 818, 0.2375, 0.475, 0, 0.531066, 0.381301
freqs:, 819, 0.2375, 0.4875, 0, 0.542275, 0.383203
freqs:, 820, 0.2375, 0.5, 0, 0.55354, 0.383861
freqs:, 821, 0.25, 0, 0, 0.25, 0.214258
freqs:, 822, 0.25, 0.0125, 0, 0.250312, 0.214489
freqs:, 823, 0.25, 0.025, 0, 0.251247, 0.215178
freqs:, 824, 0.25, 0.0375, 0, 0.252797, 0.216319
freqs:, 825, 0.25, 0.05, 0, 0.254951, 0.217901
freqs:, 826, 0.25, 0.0625, 0, 0.257694, 0.219911
freqs:, 827, 0.25, 0.075, 0, 0.261008, 0.22233
freqs:, 828, 0.25, 0.0875, 0, 0.26487, 0.225139
freqs:, 829, 0.25, 0.1, 0, 0.269258, 0.228316
freqs:, 830, 0.25, 0.1125, 0, 0.274146, 0.231837
freqs:, 831, 0.25, 0.125, 0, 0.279508, 0.235677
freqs:, 832, 0.25, 0.1375, 0, 0.285318, 0.239814
freqs:, 833, 0.25, 0.15, 0, 0.291548, 0.244222
freqs:, 834, 0.25, 0.1625, 0, 0.298172, 0.248877
freqs:, 835, 0.25, 0.175, 0, 0.305164, 0.253757
freqs:, 836, 0.25, 0.1875, 0, 0.3125, 0.258839
freqs:, 837, 0.25, 0.2, 0, 0.320156, 0.264102
freqs:, 838, 0.25, 0.2125, 0, 0.32811, 0.269526
freqs:, 839, 0.25, 0.225, 0, 0.336341, 0.275092
freqs:, 840, 0.25, 0.2375, 0, 0.344828, 0.280782
freqs:, 841, 0.25, 0.25, 0, 0.353553, 0.286578
freqs:, 842, 0.25, 0.2625, 0, 0.3625, 0.292465
freqs:, 843, 0.25, 0.275, 0, 0.371652, 0.298426
freqs:, 844, 0.25, 0.2875, 0, 0.380994, 0.304446
freqs:, 845, 0.25, 0.3, 0, 0.390512, 0.310511
freqs:, 846, 0.25, 0.3125, 0, 0.400195, 0.316604
freqs:, 847, 0.25, 0.325, 0, 0.41003, 0.322709
freqs:, 848, 0.25, 0.3375, 0, 0.420007, 0.328811
freqs:, 849, 0.25, 0.35, 0, 0.430116, 0.33489
freqs:, 850, 0.25, 0.3625, 0, 0.440348, 0.340924
freqs:, 851, 0.25, 0.375, 0, 0.450694, 0.346889
freqs:, 852, 0.25, 0.3875, 0, 0.461147, 0.352753
freqs:, 853, 0.25, 0.4, 0, 0.471699, 0.358478
freqs:, 854, 0.25, 0.4125, 0, 0.482345, 0.364012
freqs:, 855, 0.25, 0.425, 0, 0.493077, 0.369288
freqs:, 856, 0.25, 0.4375, 0, 0.503891, 0.374213
freqs:, 857, 0.25, 0.45, 0, 0.514782, 0.378662
freqs:, 858, 0.25, 0.4625, 0, 0.525744, 0.382471
freqs:, 859, 0.25, 0.475, 0, 0.536773, 0.385437
freqs:, 860, 0.25, 0.4875, 0, 0.547865, 0.387339
freqs:, 861, 0.25, 0.5, 0, 0.559017, 0.387997
freqs:, 862, 0.2625, 0, 0, 0.2625, 0.223018
freqs:, 863, 0.2625, 0.0125, 0, 0.262797, 0.223235
freqs:, 864, 0.2625, 0.025, 0, 0.263688, 0.223886
freqs:, 865, 0.2625, 0.0375, 0, 0.265165, 0.224963
freqs:, 866, 0.2625, 0.05, 0, 0.267219, 0.226459
freqs:, 867, 0.2625, 0.0625, 0, 0.269838, 0.228361
freqs:, 868, 0.2625, 0.075, 0, 0.273004, 0.230654
freqs:, 869, 0.2625, 0.0875, 0, 0.276699, 0.23332
freqs:, 870, 0.2625, 0.1, 0, 0.280903, 0.23634
freqs:, 871, 0.2625, 0.1125, 0, 0.285591, 0.239693
freqs:, 872, 0.2625, 0.125, 0, 0.290743, 0.243358
freqs:, 873, 0.2625, 0.1375, 0, 0.296332, 0.247312
freqs:, 874, 0.2625, 0.15, 0, 0.302335, 0.251535
freqs:, 875, 0.2625, 0.1625, 0, 0.308727, 0.256003
freqs:, 876, 0.2625, 0.175, 0, 0.315486, 0.260696
freqs:, 877, 0.2625, 0.1875, 0, 0.322587, 0.265593
freqs:, 878, 0.2625, 0.2, 0, 0.330009, 0.270673
freqs:, 879, 0.2625, 0.2125, 0, 0.337731, 0.275918
freqs:, 880, 0.2625, 0.225, 0, 0.345733, 0.28131
freqs:, 881, 0.2625, 0.2375, 0, 0.353995, 0.286831
freqs:, 882, 0.2625, 0.25, 0, 0.3625, 0.292465
freqs:, 883, 0.2625, 0.2625, 0, 0.371231, 0.298195
freqs:, 884, 0.2625, 0.275, 0, 0.380173, 0.304006
freqs:, 885, 0.2625, 0.2875, 0, 0.38931, 0.309883
freqs:, 886, 0.2625, 0.3, 0, 0.39863, 0.315811
freqs:, 887, 0.2625, 0.3125, 0, 0.408121, 0.321774
freqs:, 888, 0.2625, 0.325, 0, 0.417769, 0.327757
freqs:, 889, 0.2625, 0.3375, 0, 0.427566, 0.333743
freqs:, 890, 0.2625, 0.35, 0, 0.4375, 0.339713
freqs:, 891, 0.2625, 0.3625, 0, 0.447563, 0.345647
freqs:, 892, 0.2625, 0.375, 0, 0.457746, 0.351519
freqs:, 893, 0.2625, 0.3875, 0, 0.468041, 0.3573
freqs:, 894, 0.2625, 0.4, 0, 0.478441, 0.362949
freqs:, 895, 0.2625, 0.4125, 0, 0.48894, 0.368418
freqs:, 896, 0.2625, 0.425, 0, 0.499531, 0.37364
freqs:, 897, 0.2625, 0.4375, 0, 0.510208, 0.378523
freqs:, 898, 0.2625, 0.45, 0, 0.520967, 0.382943
freqs:, 899, 0.2625, 0.4625, 0, 0.531801, 0.386737
freqs:, 900, 0.2625, 0.475, 0, 0.542707, 0.389698
freqs:, 901, 0.2625, 0.4875, 0, 0.553681, 0.391601
freqs:, 902, 0.2625, 0.5, 0, 0.564718, 0.39226
freqs:, 903, 0.275, 0, 0, 0.275, 0.231629
freqs:, 904, 0.275, 0.0125, 0, 0.275284, 0.231835
freqs:, 905, 0.275, 0.025, 0, 0.276134, 0.232451
freqs:, 906, 0.275, 0.0375, 0, 0.277545, 0.233472
freqs:, 907, 0.275, 0.05, 0, 0.279508, 0.234891
freqs:, 908, 0.275, 0.0625, 0, 0.282013, 0.236697
freqs:, 909, 0.275, 0.075, 0, 0.285044, 0.238876
freqs:, 910, 0.275, 0.0875, 0, 0.288585, 0.241413
freqs:, 911, 0.275, 0.1, 0, 0.292617, 0.244292
freqs:, 912, 0.275, 0.1125, 0, 0.297122, 0.247493
freqs:, 913, 0.275, 0.125, 0, 0.302076, 0.250997
freqs:, 914, 0.275, 0.1375, 0, 0.307459, 0.254785
freqs:, 915, 0.275, 0.15, 0, 0.313249, 0.258837
freqs:, 916, 0.275, 0.1625, 0, 0.319423, 0.263132
freqs:, 917, 0.275, 0.175, 0, 0.32596, 0.267651
freqs:, 918, 0.275, 0.1875, 0, 0.332838, 0.272374
freqs:, 919, 0.275, 0.2, 0, 0.340037, 0.277283
freqs:, 920, 0.275, 0.2125, 0, 0.347536, 0.28236
freqs:, 921, 0.275, 0.225, 0, 0.355317, 0.287587
freqs:, 922, 0.275, 0.2375, 0, 0.363361, 0.292948
freqs:, 923, 0.275, 0.25, 0, 0.371652, 0.298426
freqs:, 924, 0.275, 0.2625, 0, 0.380173, 0.304006
freqs:, 925, 0.275, 0.275, 0, 0.388909, 0.309673
freqs:, 926, 0.275, 0.2875, 0, 0.397846, 0.315411
freqs:, 927, 0.275, 0.3, 0, 0.406971, 0.321206
freqs:, 928, 0.275, 0.3125, 0, 0.416271, 0.327043
freqs:, 929, 0.275, 0.325, 0, 0.425735, 0.332907
freqs:, 930, 0.275, 0.3375, 0, 0.435352, 0.33878
freqs:, 931, 0.275, 0.35, 0, 0.445112, 0.344644
freqs:, 932, 0.275, 0.3625, 0, 0.455007, 0.350479
freqs:, 933, 0.275, 0.375, 0, 0.465027, 0.356259
freqs:, 934, 0.275, 0.3875, 0, 0.475164, 0.361956
freqs:, 935, 0.275, 0.4, 0, 0.485412, 0.367531
freqs:, 936, 0.275, 0.4125, 0, 0.495763, 0.372936
freqs:, 937, 0.275, 0.425, 0, 0.506211, 0.378103
freqs:, 938, 0.275, 0.4375, 0, 0.516751, 0.382944
freqs:, 939, 0.275, 0.45, 0, 0.527376, 0.387337
freqs:, 940, 0.275, 0.4625, 0, 0.538081, 0.391115
freqs:, 941, 0.275, 0.475, 0, 0.548862, 0.394071
freqs:, 942, 0.275, 0.4875, 0, 0.559715, 0.395976
freqs:, 943, 0.275, 0.5, 0, 0.570636, 0.396636
freqs:, 944, 0.2875, 0, 0, 0.2875, 0.240095
freqs:, 945, 0.2875, 0.0125, 0, 0.287772, 0.24029
freqs:, 946, 0.2875, 0.025, 0, 0.288585, 0.240876
freqs:, 947, 0.2875, 0.0375, 0, 0.289935, 0.241847
freqs:, 948, 0.2875, 0.05, 0, 0.291815, 0.243197
freqs:, 949, 0.2875, 0.0625, 0, 0.294215, 0.244916
freqs:, 950, 0.2875, 0.075, 0, 0.297122, 0.246993
freqs:, 951, 0.2875, 0.0875, 0, 0.30052, 0.249414
freqs:, 952, 0.2875, 0.1, 0, 0.304395, 0.252164
freqs:, 953, 0.2875, 0.1125, 0, 0.308727, 0.255227
freqs:, 954, 0.2875, 0.125, 0, 0.313498, 0.258585
freqs:, 955, 0.2875, 0.1375, 0, 0.318689, 0.262221
freqs:, 956, 0.2875, 0.15, 0, 0.324278, 0.266115
freqs:, 957, 0.2875, 0.1625, 0, 0.330246, 0.27025
freqs:, 958, 0.2875, 0.175, 0, 0.336573, 0.274608
freqs:, 959, 0.2875, 0.1875, 0, 0.343238, 0.279169
freqs:, 960, 0.2875, 0.2, 0, 0.350223, 0.283918
freqs:, 961, 0.2875, 0.2125, 0, 0.357509, 0.288836
freqs:, 962, 0.2875, 0.225, 0, 0.365077, 0.293908
freqs:, 963, 0.2875, 0.2375, 0, 0.372911, 0.299116
freqs:, 964, 0.2875, 0.25, 0, 0.380994, 0.304447
freqs:, 965, 0.2875, 0.2625, 0, 0.38931, 0.309883
freqs:, 966, 0.2875, 0.275, 0, 0.397846, 0.315411
freqs:, 967, 0.2875, 0.2875, 0, 0.406586, 0.321016
freqs:, 968, 0.2875, 0.3, 0, 0.415519, 0.326683
freqs:, 969, 0.2875, 0.3125, 0, 0.424632, 0.332398
freqs:, 970, 0.2875, 0.325, 0, 0.433914, 0.338145
freqs:, 971, 0.2875, 0.3375, 0, 0.443354, 0.343908
freqs:, 972, 0.2875, 0.35, 0, 0.452942, 0.349668
freqs:, 973, 0.2875, 0.3625, 0, 0.462669, 0.355406
freqs:, 974, 0.2875, 0.375, 0, 0.472526, 0.361096
freqs:, 975, 0.2875, 0.3875, 0, 0.482506, 0.36671
freqs:, 976, 0.2875, 0.4, 0, 0.492602, 0.372212
freqs:, 977, 0.2875, 0.4125, 0, 0.502805, 0.377551
freqs:, 978, 0.2875, 0.425, 0, 0.513109, 0.382665
freqs:, 979, 0.2875, 0.4375, 0, 0.52351, 0.387465
freqs:, 980, 0.2875, 0.45, 0, 0.534, 0.391829
freqs:, 981, 0.2875, 0.4625, 0, 0.544576, 0.395592
freqs:, 982, 0.2875, 0.475, 0, 0.555231, 0.398544
freqs:, 983, 0.2875, 0.4875, 0, 0.565962, 0.400451
freqs:, 984, 0.2875, 0.5, 0, 0.576764, 0.401114
freqs:, 985, 0.3, 0, 0, 0.3, 0.248415
freqs:, 986, 0.3, 0.0125, 0, 0.30026, 0.248602
freqs:, 987, 0.3, 0.025, 0, 0.30104, 0.24916
freqs:, 988, 0.3, 0.0375, 0, 0.302335, 0.250086
freqs:, 989, 0.3, 0.05, 0, 0.304138, 0.251374
freqs:, 990, 0.3, 0.0625, 0, 0.306441, 0.253016
freqs:, 991, 0.3, 0.075, 0, 0.309233, 0.255001
freqs:, 992, 0.3, 0.0875, 0, 0.3125, 0.257317
freqs:, 993, 0.3, 0.1, 0, 0.316228, 0.259951
freqs:, 994, 0.3, 0.1125, 0, 0.3204, 0.262888
freqs:, 995, 0.3, 0.125, 0, 0.325, 0.266112
freqs:, 996, 0.3, 0.1375, 0, 0.330009, 0.269608
freqs:, 997, 0.3, 0.15, 0, 0.33541, 0.273358
freqs:, 998, 0.3, 0.1625, 0, 0.341184, 0.277345
freqs:, 999, 0.3, 0.175, 0, 0.347311, 0.281552
freqs:, 1000, 0.3, 0.1875, 0, 0.353774, 0.285964
freqs:, 1001, 0.3, 0.2, 0, 0.360555, 0.290562
freqs:, 1002, 0.3, 0.2125, 0, 0.367636, 0.295332
freqs:, 1003, 0.3, 0.225, 0, 0.375, 0.300257
freqs:, 1004, 0.3, 0.2375, 0, 0.382631, 0.305321
freqs:, 1005, 0.3, 0.25, 0, 0.390512, 0.310511
freqs:, 1006, 0.3, 0.2625, 0, 0.39863, 0.315811
freqs:, 1007, 0.3, 0.275, 0, 0.406971, 0.321206
freqs:, 1008, 0.3, 0.2875, 0, 0.415519, 0.326684
freqs:, 1009, 0.3, 0.3, 0, 0.424264, 0.332228
freqs:, 1010, 0.3, 0.3125, 0, 0.433193, 0.337825
freqs:, 1011, 0.3, 0.325, 0, 0.442295, 0.343459
freqs:, 1012, 0.3, 0.3375, 0, 0.45156, 0.349114
freqs:, 1013, 0.3, 0.35, 0, 0.460977, 0.354773
freqs:, 1014, 0.3, 0.3625, 0, 0.470538, 0.360415
freqs:, 1015, 0.3, 0.375, 0, 0.480234, 0.366017
freqs:, 1016, 0.3, 0.3875, 0, 0.490057, 0.37155
freqs:, 1017, 0.3, 0.4, 0, 0.5, 0.376978
freqs:, 1018, 0.3, 0.4125, 0, 0.510055, 0.382254
freqs:, 1019, 0.3, 0.425, 0, 0.520216, 0.387314
freqs:, 1020, 0.3, 0.4375, 0, 0.530477, 0.392072
freqs:, 1021, 0.3, 0.45, 0, 0.540833, 0.396407
freqs:, 1022, 0.3, 0.4625, 0, 0.551277, 0.400155
freqs:, 1023, 0.3, 0.475, 0, 0.561805, 0.403104
freqs:, 1024, 0.3, 0.4875, 0, 0.572413, 0.405013
freqs:, 1025, 0.3, 0.5, 0, 0.583095, 0.405677
freqs:, 1026, 0.3125, 0, 0, 0.3125, 0.256589
freqs:, 1027, 0.3125, 0.0125, 0, 0.31275, 0.256768
freqs:, 1028, 0.3125, 0.025, 0, 0.313498, 0.257301
freqs:, 1029, 0.3125, 0.0375, 0, 0.314742, 0.258187
freqs:, 1030, 0.3125, 0.05, 0, 0.316475, 0.259419
freqs:, 1031, 0.3125, 0.0625, 0, 0.318689, 0.260991
freqs:, 1032, 0.3125, 0.075, 0, 0.321374, 0.262893
freqs:, 1033, 0.3125, 0.0875, 0, 0.324519, 0.265114
freqs:, 1034, 0.3125, 0.1, 0, 0.32811, 0.267643
freqs:, 1035, 0.3125, 0.1125, 0, 0.332133, 0.270465
freqs:, 1036, 0.3125, 0.125, 0, 0.336573, 0.273567
freqs:, 1037, 0.3125, 0.1375, 0, 0.341413, 0.276935
freqs:, 1038, 0.3125, 0.15, 0, 0.346636, 0.280551
freqs:, 1039, 0.3125, 0.1625, 0, 0.352225, 0.284402
freqs:, 1040, 0.3125, 0.175, 0, 0.358164, 0.288471
freqs:, 1041, 0.3125, 0.1875, 0, 0.364434, 0.292742
freqs:, 1042, 0.3125, 0.2, 0, 0.371021, 0.297201
freqs:, 1043, 0.3125, 0.2125, 0, 0.377905, 0.301831
freqs:, 1044, 0.3125, 0.225, 0, 0.385073, 0.306618
freqs:, 1045, 0.3125, 0.2375, 0, 0.392508, 0.311547
freqs:, 1046, 0.3125, 0.25, 0, 0.400195, 0.316604
freqs:, 1047, 0.3125, 0.2625, 0, 0.408121, 0.321774
freqs:, 1048, 0.3125, 0.275, 0, 0.416271, 0.327044
freqs:, 1049, 0.3125, 0.2875, 0, 0.424632, 0.332398
freqs:, 1050, 0.3125, 0.3, 0, 0.433193, 0.337825
freqs:, 1051, 0.3125, 0.3125, 0, 0.441942, 0.343308
freqs:, 1052, 0.3125, 0.325, 0, 0.450867, 0.348833
freqs:, 1053, 0.3125, 0.3375, 0, 0.459959, 0.354385
freqs:, 1054, 0.3125, 0.35, 0, 0.469208, 0.359945
freqs:, 1055, 0.3125, 0.3625, 0, 0.478605, 0.365494
freqs:, 1056, 0.3125, 0.375, 0, 0.488141, 0.371009
freqs:, 1057, 0.3125, 0.3875, 0, 0.497808, 0.376462
freqs:, 1058, 0.3125, 0.4, 0, 0.507599, 0.381817
freqs:, 1059, 0.3125, 0.4125, 0, 0.517506, 0.387029
freqs:, 1060, 0.3125, 0.425, 0, 0.527524, 0.392035
freqs:, 1061, 0.3125, 0.4375, 0, 0.537645, 0.396751
freqs:, 1062, 0.3125, 0.45, 0, 0.547865, 0.401057
freqs:, 1063, 0.3125, 0.4625, 0, 0.558178, 0.404789
freqs:, 1064, 0.3125, 0.475, 0, 0.568578, 0.407734
freqs:, 1065, 0.3125, 0.4875, 0, 0.579062, 0.409646
freqs:, 1066, 0.3125, 0.5, 0, 0.589624, 0.410312
freqs:, 1067, 0.325, 0, 0, 0.325, 0.264612
freqs:, 1068, 0.325, 0.0125, 0, 0.32524, 0.264783
freqs:, 1069, 0.325, 0.025, 0, 0.32596, 0.265294
freqs:, 1070, 0.325, 0.0375, 0, 0.327156, 0.266144
freqs:, 1071, 0.325, 0.05, 0, 0.328824, 0.267326
freqs:, 1072, 0.325, 0.0625, 0, 0.330955, 0.268835
freqs:, 1073, 0.325, 0.075, 0, 0.333542, 0.270661
freqs:, 1074, 0.325, 0.0875, 0, 0.336573, 0.272797
freqs:, 1075, 0.325, 0.1, 0, 0.340037, 0.27523
freqs:, 1076, 0.325, 0.1125, 0, 0.34392, 0.277948
freqs:, 1077, 0.325, 0.125, 0, 0.34821, 0.280939
freqs:, 1078, 0.325, 0.1375, 0, 0.35289, 0.284188
freqs:, 1079, 0.325, 0.15, 0, 0.357946, 0.287683
freqs:, 1080, 0.325, 0.1625, 0, 0.363361, 0.291408
freqs:, 1081, 0.325, 0.175, 0, 0.369121, 0.295348
freqs:, 1082, 0.325, 0.1875, 0, 0.375208, 0.29949
freqs:, 1083, 0.325, 0.2, 0, 0.381608, 0.303819
freqs:, 1084, 0.325, 0.2125, 0, 0.388306, 0.308319
freqs:, 1085, 0.325, 0.225, 0, 0.395285, 0.312977
freqs:, 1086, 0.325, 0.2375, 0, 0.402531, 0.317779
freqs:, 1087, 0.325, 0.25, 0, 0.41003, 0.32271
freqs:, 1088, 0.325, 0.2625, 0, 0.417769, 0.327757
freqs:, 1089, 0.325, 0.275, 0, 0.425735, 0.332907
freqs:, 1090, 0.325, 0.2875, 0, 0.433914, 0.338146
freqs:, 1091, 0.325, 0.3, 0, 0.442295, 0.343459
freqs:, 1092, 0.325, 0.3125, 0, 0.450867, 0.348833
freqs:, 1093, 0.325, 0.325, 0, 0.459619, 0.354254
freqs:, 1094, 0.325, 0.3375, 0, 0.468542, 0.359705
freqs:, 1095, 0.325, 0.35, 0, 0.477624, 0.36517
freqs:, 1096, 0.325, 0.3625, 0, 0.486859, 0.370628
freqs:, 1097, 0.325, 0.375, 0, 0.496236, 0.376058
freqs:, 1098, 0.325, 0.3875, 0, 0.505748, 0.381432
freqs:, 1099, 0.325, 0.4, 0, 0.515388, 0.386715
freqs:, 1100, 0.325, 0.4125, 0, 0.525149, 0.391863
freqs:, 1101, 0.325, 0.425, 0, 0.535023, 0.396815
freqs:, 1102, 0.325, 0.4375, 0, 0.545006, 0.401488
freqs:, 1103, 0.325, 0.45, 0, 0.55509, 0.405763
freqs:, 1104, 0.325, 0.4625, 0, 0.565271, 0.409479
freqs:, 1105, 0.325, 0.475, 0, 0.575543, 0.412419
freqs:, 1106, 0.325, 0.4875, 0, 0.585902, 0.414333
freqs:, 1107, 0.325, 0.5, 0, 0.596343, 0.415001
freqs:, 1108, 0.3375, 0, 0, 0.3375, 0.272476
freqs:, 1109, 0.3375, 0.0125, 0, 0.337731, 0.27264
freqs:, 1110, 0.3375, 0.025, 0, 0.338425, 0.273132
freqs:, 1111, 0.3375, 0.0375, 0, 0.339577, 0.273948
freqs:, 1112, 0.3375, 0.05, 0, 0.341184, 0.275085
freqs:, 1113, 0.3375, 0.0625, 0, 0.343238, 0.276537
freqs:, 1114, 0.3375, 0.075, 0, 0.345733, 0.278296
freqs:, 1115, 0.3375, 0.0875, 0, 0.348658, 0.280353
freqs:, 1116, 0.3375, 0.1, 0, 0.352003, 0.282699
freqs:, 1117, 0.3375, 0.1125, 0, 0.355756, 0.285323
freqs:, 1118, 0.3375, 0.125, 0, 0.359905, 0.288212
freqs:, 1119, 0.3375, 0.1375, 0, 0.364434, 0.291355
freqs:, 1120, 0.3375, 0.15, 0, 0.369332, 0.294737
freqs:, 1121, 0.3375, 0.1625, 0, 0.374583, 0.298346
freqs:, 1122, 0.3375, 0.175, 0, 0.380173, 0.302169
freqs:, 1123, 0.3375, 0.1875, 0, 0.386086, 0.306191
freqs:, 1124, 0.3375, 0.2, 0, 0.392309, 0.310398
freqs:, 1125, 0.3375, 0.2125, 0, 0.398826, 0.314778
freqs:, 1126, 0.3375, 0.225, 0, 0.405625, 0.319315
freqs:, 1127, 0.3375, 0.2375, 0, 0.412689, 0.323998
freqs:, 1128, 0.3375, 0.25, 0, 0.420007, 0.328812
freqs:, 1129, 0.3375, 0.2625, 0, 0.427566, 0.333743
freqs:, 1130, 0.3375, 0.275, 0, 0.435352, 0.33878
freqs:, 1131, 0.3375, 0.2875, 0, 0.443354, 0.343908
freqs:, 1132, 0.3375, 0.3, 0, 0.45156, 0.349115
freqs:, 1133, 0.3375, 0.3125, 0, 0.459959, 0.354385
freqs:, 1134, 0.3375, 0.325, 0, 0.468542, 0.359705
freqs:, 1135, 0.3375, 0.3375, 0, 0.477297, 0.36506
freqs:, 1136, 0.3375, 0.35, 0, 0.486216, 0.370432
freqs:, 1137, 0.3375, 0.3625, 0, 0.49529, 0.375802
freqs:, 1138, 0.3375, 0.375, 0, 0.504511, 0.381149
freqs:, 1139, 0.3375, 0.3875, 0, 0.51387, 0.386445
freqs:, 1140, 0.3375, 0.4, 0, 0.523361, 0.391657
freqs:, 1141, 0.3375, 0.4125, 0, 0.532975, 0.396741
freqs:, 1142, 0.3375, 0.425, 0, 0.542707, 0.401638
freqs:, 1143, 0.3375, 0.4375, 0, 0.552551, 0.406266
freqs:, 1144, 0.3375, 0.45, 0, 0.5625, 0.410509
freqs:, 1145, 0.3375, 0.4625, 0, 0.572549, 0.414206
freqs:, 1146, 0.3375, 0.475, 0, 0.582693, 0.417139
freqs:, 1147, 0.3375, 0.4875, 0, 0.592927, 0.419054
freqs:, 1148, 0.3375, 0.5, 0, 0.603246, 0.419724
freqs:, 1149, 0.35, 0, 0, 0.35, 0.280169
freqs:, 1150, 0.35, 0.0125, 0, 0.350223, 0.280327
freqs:, 1151, 0.35, 0.025, 0, 0.350892, 0.280801
freqs:, 1152, 0.35, 0.0375, 0, 0.352003, 0.281588
freqs:, 1153, 0.35, 0.05, 0, 0.353553, 0.282685
freqs:, 1154, 0.35, 0.0625, 0, 0.355537, 0.284085
freqs:, 1155, 0.35, 0.075, 0, 0.357946, 0.285783
freqs:, 1156, 0.35, 0.0875, 0, 0.360772, 0.28777
freqs:, 1157, 0.35, 0.1, 0, 0.364005, 0.290037
freqs:, 1158, 0.35, 0.1125, 0, 0.367636, 0.292575
freqs:, 1159, 0.35, 0.125, 0, 0.371652, 0.295372
freqs:, 1160, 0.35, 0.1375, 0, 0.37604, 0.298416
freqs:, 1161, 0.35, 0.15, 0, 0.380789, 0.301697
freqs:, 1162, 0.35, 0.1625, 0, 0.385884, 0.3052
freqs:, 1163, 0.35, 0.175, 0, 0.391312, 0.308914
freqs:, 1164, 0.35, 0.1875, 0, 0.39706, 0.312826
freqs:, 1165, 0.35, 0.2, 0, 0.403113, 0.316922
freqs:, 1166, 0.35, 0.2125, 0, 0.409458, 0.321189
freqs:, 1167, 0.35, 0.225, 0, 0.416083, 0.325615
freqs:, 1168, 0.35, 0.2375, 0, 0.422973, 0.330186
freqs:, 1169, 0.35, 0.25, 0, 0.430116, 0.33489
freqs:, 1170, 0.35, 0.2625, 0, 0.4375, 0.339714
freqs:, 1171, 0.35, 0.275, 0, 0.445112, 0.344644
freqs:, 1172, 0.35, 0.2875, 0, 0.452942, 0.349669
freqs:, 1173, 0.35, 0.3, 0, 0.460977, 0.354773
freqs:, 1174, 0.35, 0.3125, 0, 0.469208, 0.359945
freqs:, 1175, 0.35, 0.325, 0, 0.477624, 0.36517
freqs:, 1176, 0.35, 0.3375, 0, 0.486216, 0.370432
freqs:, 1177, 0.35, 0.35, 0, 0.494975, 0.375715
freqs:, 1178, 0.35, 0.3625, 0, 0.503891, 0.381
freqs:, 1179, 0.35, 0.375, 0, 0.512957, 0.386266
freqs:, 1180, 0.35, 0.3875, 0, 0.522165, 0.391486
freqs:, 1181, 0.35, 0.4, 0, 0.531507, 0.396627
freqs:, 1182, 0.35, 0.4125, 0, 0.540977, 0.401647
freqs:, 1183, 0.35, 0.425, 0, 0.550568, 0.406488
freqs:, 1184, 0.35, 0.4375, 0, 0.560273, 0.411069
freqs:, 1185, 0.35, 0.45, 0, 0.570088, 0.415277
freqs:, 1186, 0.35, 0.4625, 0, 0.580005, 0.418951
freqs:, 1187, 0.35, 0.475, 0, 0.590021, 0.421875
freqs:, 1188, 0.35, 0.4875, 0, 0.60013, 0.423789
freqs:, 1189, 0.35, 0.5, 0, 0.610328, 0.424459
freqs:, 1190, 0.3625, 0, 0, 0.3625, 0.287675
freqs:, 1191, 0.3625, 0.0125, 0, 0.362715, 0.287828
freqs:, 1192, 0.3625, 0.025, 0, 0.363361, 0.288286
freqs:, 1193, 0.3625, 0.0375, 0, 0.364434, 0.289047
freqs:, 1194, 0.3625, 0.05, 0, 0.365932, 0.290107
freqs:, 1195, 0.3625, 0.0625, 0, 0.367848, 0.291461
freqs:, 1196, 0.3625, 0.075, 0, 0.370177, 0.293104
freqs:, 1197, 0.3625, 0.0875, 0, 0.372911, 0.295028
freqs:, 1198, 0.3625, 0.1, 0, 0.37604, 0.297224
freqs:, 1199, 0.3625, 0.1125, 0, 0.379556, 0.299684
freqs:, 1200, 0.3625, 0.125, 0, 0.383447, 0.302397
freqs:, 1201, 0.3625, 0.1375, 0, 0.387702, 0.305353
freqs:, 1202, 0.3625, 0.15, 0, 0.392309, 0.308541
freqs:, 1203, 0.3625, 0.1625, 0, 0.397256, 0.311948
freqs:, 1204, 0.3625, 0.175, 0, 0.402531, 0.315563
freqs:, 1205, 0.3625, 0.1875, 0, 0.408121, 0.319373
freqs:, 1206, 0.3625, 0.2, 0, 0.414012, 0.323367
freqs:, 1207, 0.3625, 0.2125, 0, 0.420193, 0.327531
freqs:, 1208, 0.3625, 0.225, 0, 0.426651, 0.331854
freqs:, 1209, 0.3625, 0.2375, 0, 0.433373, 0.336323
freqs:, 1210, 0.3625, 0.25, 0, 0.440348, 0.340925
freqs:, 1211, 0.3625, 0.2625, 0, 0.447563, 0.345648
freqs:, 1212, 0.3625, 0.275, 0, 0.455007, 0.350479
freqs:, 1213, 0.3625, 0.2875, 0, 0.462669, 0.355406
freqs:, 1214, 0.3625, 0.3, 0, 0.470538, 0.360416
freqs:, 1215, 0.3625, 0.3125, 0, 0.478605, 0.365494
freqs:, 1216, 0.3625, 0.325, 0, 0.486859, 0.370628
freqs:, 1217, 0.3625, 0.3375, 0, 0.49529, 0.375802
freqs:, 1218, 0.3625, 0.35, 0, 0.503891, 0.381
freqs:, 1219, 0.3625, 0.3625, 0, 0.512652, 0.386203
freqs:, 1220, 0.3625, 0.375, 0, 0.521566, 0.391391
freqs:, 1221, 0.3625, 0.3875, 0, 0.530625, 0.396536
freqs:, 1222, 0.3625, 0.4, 0, 0.539821, 0.401607
freqs:, 1223, 0.3625, 0.4125, 0, 0.549147, 0.406561
freqs:, 1224, 0.3625, 0.425, 0, 0.558598, 0.411344
freqs:, 1225, 0.3625, 0.4375, 0, 0.568166, 0.415876
freqs:, 1226, 0.3625, 0.45, 0, 0.577846, 0.420045
freqs:, 1227, 0.3625, 0.4625, 0, 0.587633, 0.423692
freqs:, 1228, 0.3625, 0.475, 0, 0.597521, 0.426601
freqs:, 1229, 0.3625, 0.4875, 0, 0.607505, 0.428511
freqs:, 1230, 0.3625, 0.5, 0, 0.617581, 0.429181
freqs:, 1231, 0.375, 0, 0, 0.375, 0.294972
freqs:, 1232, 0.375, 0.0125, 0, 0.375208, 0.29512
freqs:, 1233, 0.375, 0.025, 0, 0.375832, 0.295564
freqs:, 1234, 0.375, 0.0375, 0, 0.37687, 0.296301
freqs:, 1235, 0.375, 0.05, 0, 0.378319, 0.297329
freqs:, 1236, 0.375, 0.0625, 0, 0.380173, 0.298642
freqs:, 1237, 0.375, 0.075, 0, 0.382426, 0.300236
freqs:, 1238, 0.375, 0.0875, 0, 0.385073, 0.302103
freqs:, 1239, 0.375, 0.1, 0, 0.388104, 0.304236
freqs:, 1240, 0.375, 0.1125, 0, 0.391511, 0.306626
freqs:, 1241, 0.375, 0.125, 0, 0.395285, 0.309264
freqs:, 1242, 0.375, 0.1375, 0, 0.399414, 0.31214
freqs:, 1243, 0.375, 0.15, 0, 0.403887, 0.315243
freqs:, 1244, 0.375, 0.1625, 0, 0.408695, 0.318563
freqs:, 1245, 0.375, 0.175, 0, 0.413824, 0.322088
freqs:, 1246, 0.375, 0.1875, 0, 0.419263, 0.325807
freqs:, 1247, 0.375, 0.2, 0, 0.425, 0.329707
freqs:, 1248, 0.375, 0.2125, 0, 0.431023, 0.333778
freqs:, 1249, 0.375, 0.225, 0, 0.437321, 0.338007
freqs:, 1250, 0.375, 0.2375, 0, 0.443882, 0.342381
freqs:, 1251, 0.375, 0.25, 0, 0.450694, 0.34689
freqs:, 1252, 0.375, 0.2625, 0, 0.457746, 0.35152
freqs:, 1253, 0.375, 0.275, 0, 0.465027, 0.35626
freqs:, 1254, 0.375, 0.2875, 0, 0.472526, 0.361097
freqs:, 1255, 0.375, 0.3, 0, 0.480234, 0.366017
freqs:, 1256, 0.375, 0.3125, 0, 0.488141, 0.371009
freqs:, 1257, 0.375, 0.325, 0, 0.496236, 0.376058
freqs:, 1258, 0.375, 0.3375, 0, 0.504511, 0.381149
freqs:, 1259, 0.375, 0.35, 0, 0.512957, 0.386266
freqs:, 1260, 0.375, 0.3625, 0, 0.521566, 0.391391
freqs:, 1261, 0.375, 0.375, 0, 0.53033, 0.396501
freqs:, 1262, 0.375, 0.3875, 0, 0.539241, 0.401573
freqs:, 1263, 0.375, 0.4, 0, 0.548293, 0.406574
freqs:, 1264, 0.375, 0.4125, 0, 0.557478, 0.411463
freqs:, 1265, 0.375, 0.425, 0, 0.566789, 0.416185
freqs:, 1266, 0.375, 0.4375, 0, 0.576222, 0.420663
freqs:, 1267, 0.375, 0.45, 0, 0.585769, 0.424788
freqs:, 1268, 0.375, 0.4625, 0, 0.595425, 0.428402
freqs:, 1269, 0.375, 0.475, 0, 0.605186, 0.43129
freqs:, 1270, 0.375, 0.4875, 0, 0.615046, 0.43319
freqs:, 1271, 0.375, 0.5, 0, 0.625, 0.433857
freqs:, 1272, 0.3875, 0, 0, 0.3875, 0.30203
freqs:, 1273, 0.3875, 0.0125, 0, 0.387702, 0.302174
freqs:, 1274, 0.3875, 0.025, 0, 0.388306, 0.302605
freqs:, 1275, 0.3875, 0.0375, 0, 0.38931, 0.303321
freqs:, 1276, 0.3875, 0.05, 0, 0.390712, 0.30432
freqs:, 1277, 0.3875, 0.0625, 0, 0.392508, 0.305597
freqs:, 1278, 0.3875, 0.075, 0, 0.394691, 0.307147
freqs:, 1279, 0.3875, 0.0875, 0, 0.397256, 0.308963
freqs:, 1280, 0.3875, 0.1, 0, 0.400195, 0.31104
freqs:, 1281, 0.3875, 0.1125, 0, 0.4035, 0.313368
freqs:, 1282, 0.3875, 0.125, 0, 0.407162, 0.315939
freqs:, 1283, 0.3875, 0.1375, 0, 0.411172, 0.318743
freqs:, 1284, 0.3875, 0.15, 0, 0.415519, 0.321772
freqs:, 1285, 0.3875, 0.1625, 0, 0.420193, 0.325014
freqs:, 1286, 0.3875, 0.175, 0, 0.425184, 0.328458
freqs:, 1287, 0.3875, 0.1875, 0, 0.430479, 0.332094
freqs:, 1288, 0.3875, 0.2, 0, 0.436069, 0.335911
freqs:, 1289, 0.3875, 0.2125, 0, 0.441942, 0.339897
freqs:, 1290, 0.3875, 0.225, 0, 0.448086, 0.344041
freqs:, 1291, 0.3875, 0.2375, 0, 0.454491, 0.348331
freqs:, 1292, 0.3875, 0.25, 0, 0.461147, 0.352754
freqs:, 1293, 0.3875, 0.2625, 0, 0.468041, 0.3573
freqs:, 1294, 0.3875, 0.275, 0, 0.475164, 0.361957
freqs:, 1295, 0.3875, 0.2875, 0, 0.482506, 0.366711
freqs:, 1296, 0.3875, 0.3, 0, 0.490057, 0.37155
freqs:, 1297, 0.3875, 0.3125, 0, 0.497808, 0.376462
freqs:, 1298, 0.3875, 0.325, 0, 0.505748, 0.381432
freqs:, 1299, 0.3875, 0.3375, 0, 0.51387, 0.386446
freqs:, 1300, 0.3875, 0.35, 0, 0.522165, 0.391486
freqs:, 1301, 0.3875, 0.3625, 0, 0.530625, 0.396536
freqs:, 1302, 0.3875, 0.375, 0, 0.539241, 0.401573
freqs:, 1303, 0.3875, 0.3875, 0, 0.548008, 0.406573
freqs:, 1304, 0.3875, 0.4, 0, 0.556917, 0.411504
freqs:, 1305, 0.3875, 0.4125, 0, 0.565962, 0.416326
freqs:, 1306, 0.3875, 0.425, 0, 0.575136, 0.420985
freqs:, 1307, 0.3875, 0.4375, 0, 0.584433, 0.425404
freqs:, 1308, 0.3875, 0.45, 0, 0.593849, 0.429477
freqs:, 1309, 0.3875, 0.4625, 0, 0.603376, 0.433049
freqs:, 1310, 0.3875, 0.475, 0, 0.61301, 0.435907
freqs:, 1311, 0.3875, 0.4875, 0, 0.622746, 0.437789
freqs:, 1312, 0.3875, 0.5, 0, 0.632579, 0.438451
freqs:, 1313, 0.4, 0, 0, 0.4, 0.308806
freqs:, 1314, 0.4, 0.0125, 0, 0.400195, 0.308946
freqs:, 1315, 0.4, 0.025, 0, 0.40078, 0.309366
freqs:, 1316, 0.4, 0.0375, 0, 0.401754, 0.310065
freqs:, 1317, 0.4, 0.05, 0, 0.403113, 0.311038
freqs:, 1318, 0.4, 0.0625, 0, 0.404853, 0.312283
freqs:, 1319, 0.4, 0.075, 0, 0.406971, 0.313795
freqs:, 1320, 0.4, 0.0875, 0, 0.409458, 0.315567
freqs:, 1321, 0.4, 0.1, 0, 0.412311, 0.317594
freqs:, 1322, 0.4, 0.1125, 0, 0.415519, 0.319868
freqs:, 1323, 0.4, 0.125, 0, 0.419076, 0.32238
freqs:, 1324, 0.4, 0.1375, 0, 0.422973, 0.325122
freqs:, 1325, 0.4, 0.15, 0, 0.4272, 0.328084
freqs:, 1326, 0.4, 0.1625, 0, 0.431748, 0.331257
freqs:, 1327, 0.4, 0.175, 0, 0.436606, 0.334631
freqs:, 1328, 0.4, 0.1875, 0, 0.441765, 0.338195
freqs:, 1329, 0.4, 0.2, 0, 0.447214, 0.341937
freqs:, 1330, 0.4, 0.2125, 0, 0.452942, 0.345849
freqs:, 1331, 0.4, 0.225, 0, 0.458939, 0.349917
freqs:, 1332, 0.4, 0.2375, 0, 0.465195, 0.354131
freqs:, 1333, 0.4, 0.25, 0, 0.471699, 0.358479
freqs:, 1334, 0.4, 0.2625, 0, 0.478441, 0.36295
freqs:, 1335, 0.4, 0.275, 0, 0.485412, 0.367532
freqs:, 1336, 0.4, 0.2875, 0, 0.492602, 0.372212
freqs:, 1337, 0.4, 0.3, 0, 0.5, 0.376978
freqs:, 1338, 0.4, 0.3125, 0, 0.507599, 0.381817
freqs:, 1339, 0.4, 0.325, 0, 0.515388, 0.386716
freqs:, 1340, 0.4, 0.3375, 0, 0.523361, 0.391658
freqs:, 1341, 0.4, 0.35, 0, 0.531507, 0.396627
freqs:, 1342, 0.4, 0.3625, 0, 0.539821, 0.401607
freqs:, 1343, 0.4, 0.375, 0, 0.548293, 0.406574
freqs:, 1344, 0.4, 0.3875, 0, 0.556917, 0.411504
freqs:, 1345, 0.4, 0.4, 0, 0.565685, 0.416366
freqs:, 1346, 0.4, 0.4125, 0, 0.574592, 0.42112
freqs:, 1347, 0.4, 0.425, 0, 0.583631, 0.425711
freqs:, 1348, 0.4, 0.4375, 0, 0.592795, 0.430065
freqs:, 1349, 0.4, 0.45, 0, 0.60208, 0.434077
freqs:, 1350, 0.4, 0.4625, 0, 0.611479, 0.437595
freqs:, 1351, 0.4, 0.475, 0, 0.620987, 0.440411
freqs:, 1352, 0.4, 0.4875, 0, 0.6306, 0.442266
freqs:, 1353, 0.4, 0.5, 0, 0.640312, 0.442918
freqs:, 1354, 0.4125, 0, 0, 0.4125, 0.315246
freqs:, 1355, 0.4125, 0.0125, 0, 0.412689, 0.315383
freqs:, 1356, 0.4125, 0.025, 0, 0.413257, 0.315794
freqs:, 1357, 0.4125, 0.0375, 0, 0.414201, 0.316476
freqs:, 1358, 0.4125, 0.05, 0, 0.415519, 0.317428
freqs:, 1359, 0.4125, 0.0625, 0, 0.417208, 0.318646
freqs:, 1360, 0.4125, 0.075, 0, 0.419263, 0.320125
freqs:, 1361, 0.4125, 0.0875, 0, 0.421678, 0.321859
freqs:, 1362, 0.4125, 0.1, 0, 0.424448, 0.323844
freqs:, 1363, 0.4125, 0.1125, 0, 0.427566, 0.32607
freqs:, 1364, 0.4125, 0.125, 0, 0.431023, 0.328532
freqs:, 1365, 0.4125, 0.1375, 0, 0.434813, 0.33122
freqs:, 1366, 0.4125, 0.15, 0, 0.438926, 0.334125
freqs:, 1367, 0.4125, 0.1625, 0, 0.443354, 0.337239
freqs:, 1368, 0.4125, 0.175, 0, 0.448086, 0.340552
freqs:, 1369, 0.4125, 0.1875, 0, 0.453114, 0.344053
freqs:, 1370, 0.4125, 0.2, 0, 0.458428, 0.347732
freqs:, 1371, 0.4125, 0.2125, 0, 0.464018, 0.351578
freqs:, 1372, 0.4125, 0.225, 0, 0.469874, 0.355582
freqs:, 1373, 0.4125, 0.2375, 0, 0.475986, 0.35973
freqs:, 1374, 0.4125, 0.25, 0, 0.482345, 0.364013
freqs:, 1375, 0.4125, 0.2625, 0, 0.48894, 0.368419
freqs:, 1376, 0.4125, 0.275, 0, 0.495763, 0.372936
freqs:, 1377, 0.4125, 0.2875, 0, 0.502805, 0.377552
freqs:, 1378, 0.4125, 0.3, 0, 0.510055, 0.382254
freqs:, 1379, 0.4125, 0.3125, 0, 0.517506, 0.387029
freqs:, 1380, 0.4125, 0.325, 0, 0.525149, 0.391864
freqs:, 1381, 0.4125, 0.3375, 0, 0.532975, 0.396742
freqs:, 1382, 0.4125, 0.35, 0, 0.540977, 0.401647
freqs:, 1383, 0.4125, 0.3625, 0, 0.549147, 0.406562
freqs:, 1384, 0.4125, 0.375, 0, 0.557478, 0.411463
freqs:, 1385, 0.4125, 0.3875, 0, 0.565962, 0.416326
freqs:, 1386, 0.4125, 0.4, 0, 0.574592, 0.42112
freqs:, 1387, 0.4125, 0.4125, 0, 0.583363, 0.425802
freqs:, 1388, 0.4125, 0.425, 0, 0.592268, 0.430321
freqs:, 1389, 0.4125, 0.4375, 0, 0.601301, 0.434603
freqs:, 1390, 0.4125, 0.45, 0, 0.610456, 0.438542
freqs:, 1391, 0.4125, 0.4625, 0, 0.619728, 0.441993
freqs:, 1392, 0.4125, 0.475, 0, 0.629111, 0.44475
freqs:, 1393, 0.4125, 0.4875, 0, 0.638602, 0.446564
freqs:, 1394, 0.4125, 0.5, 0, 0.648195, 0.447202
freqs:, 1395, 0.425, 0, 0, 0.425, 0.321276
freqs:, 1396, 0.425, 0.0125, 0, 0.425184, 0.32141
freqs:, 1397, 0.425, 0.025, 0, 0.425735, 0.321813
freqs:, 1398, 0.425, 0.0375, 0, 0.426651, 0.322482
freqs:, 1399, 0.425, 0.05, 0, 0.427931, 0.323416
freqs:, 1400, 0.425, 0.0625, 0, 0.429571, 0.324611
freqs:, 1401, 0.425, 0.075, 0, 0.431567, 0.326062
freqs:, 1402, 0.425, 0.0875, 0, 0.433914, 0.327765
freqs:, 1403, 0.425, 0.1, 0, 0.436606, 0.329714
freqs:, 1404, 0.425, 0.1125, 0, 0.439638, 0.331901
freqs:, 1405, 0.425, 0.125, 0, 0.443001, 0.334321
freqs:, 1406, 0.425, 0.1375, 0, 0.446689, 0.336963
freqs:, 1407, 0.425, 0.15, 0, 0.450694, 0.339822
freqs:, 1408, 0.425, 0.1625, 0, 0.455007, 0.342886
freqs:, 1409, 0.425, 0.175, 0, 0.459619, 0.346148
freqs:, 1410, 0.425, 0.1875, 0, 0.464523, 0.349597
freqs:, 1411, 0.425, 0.2, 0, 0.469707, 0.353223
freqs:, 1412, 0.425, 0.2125, 0, 0.475164, 0.357016
freqs:, 1413, 0.425, 0.225, 0, 0.480885, 0.360965
freqs:, 1414, 0.425, 0.2375, 0, 0.486859, 0.36506
freqs:, 1415, 0.425, 0.25, 0, 0.493077, 0.369289
freqs:, 1416, 0.425, 0.2625, 0, 0.499531, 0.373641
freqs:, 1417, 0.425, 0.275, 0, 0.506211, 0.378104
freqs:, 1418, 0.425, 0.2875, 0, 0.513109, 0.382666
freqs:, 1419, 0.425, 0.3, 0, 0.520216, 0.387315
freqs:, 1420, 0.425, 0.3125, 0, 0.527524, 0.392036
freqs:, 1421, 0.425, 0.325, 0, 0.535023, 0.396816
freqs:, 1422, 0.425, 0.3375, 0, 0.542707, 0.401639
freqs:, 1423, 0.425, 0.35, 0, 0.550568, 0.406488
freqs:, 1424, 0.425, 0.3625, 0, 0.558598, 0.411344
freqs:, 1425, 0.425, 0.375, 0, 0.566789, 0.416185
freqs:, 1426, 0.425, 0.3875, 0, 0.575136, 0.420985
freqs:, 1427, 0.425, 0.4, 0, 0.583631, 0.425711
freqs:, 1428, 0.425, 0.4125, 0, 0.592268, 0.430321
freqs:, 1429, 0.425, 0.425, 0, 0.601041, 0.434763
freqs:, 1430, 0.425, 0.4375, 0, 0.609944, 0.438962
freqs:, 1431, 0.425, 0.45, 0, 0.618971, 0.442816
freqs:, 1432, 0.425, 0.4625, 0, 0.628117, 0.446181
freqs:, 1433, 0.425, 0.475, 0, 0.637377, 0.44886
freqs:, 1434, 0.425, 0.4875, 0, 0.646747, 0.450618
freqs:, 1435, 0.425, 0.5, 0, 0.65622, 0.451235
freqs:, 1436, 0.4375, 0, 0, 0.4375, 0.326796
freqs:, 1437, 0.4375, 0.0125, 0, 0.437679, 0.326929
freqs:, 1438, 0.4375, 0.025, 0, 0.438214, 0.327325
freqs:, 1439, 0.4375, 0.0375, 0, 0.439104, 0.327984
freqs:, 1440, 0.4375, 0.05, 0, 0.440348, 0.328903
freqs:, 1441, 0.4375, 0.0625, 0, 0.441942, 0.330079
freqs:, 1442, 0.4375, 0.075, 0, 0.443882, 0.331509
freqs:, 1443, 0.4375, 0.0875, 0, 0.446164, 0.333186
freqs:, 1444, 0.4375, 0.1, 0, 0.448783, 0.335106
freqs:, 1445, 0.4375, 0.1125, 0, 0.451733, 0.337263
freqs:, 1446, 0.4375, 0.125, 0, 0.455007, 0.339648
freqs:, 1447, 0.4375, 0.1375, 0, 0.458598, 0.342255
freqs:, 1448, 0.4375, 0.15, 0, 0.4625, 0.345076
freqs:, 1449, 0.4375, 0.1625, 0, 0.466704, 0.348101
freqs:, 1450, 0.4375, 0.175, 0, 0.471202, 0.351323
freqs:, 1451, 0.4375, 0.1875, 0, 0.475986, 0.354731
freqs:, 1452, 0.4375, 0.2, 0, 0.481047, 0.358315
freqs:, 1453, 0.4375, 0.2125, 0, 0.486377, 0.362066
freqs:, 1454, 0.4375, 0.225, 0, 0.491967, 0.365974
freqs:, 1455, 0.4375, 0.2375, 0, 0.497808, 0.370026
freqs:, 1456, 0.4375, 0.25, 0, 0.503891, 0.374214
freqs:, 1457, 0.4375, 0.2625, 0, 0.510208, 0.378524
freqs:, 1458, 0.4375, 0.275, 0, 0.516751, 0.382945
freqs:, 1459, 0.4375, 0.2875, 0, 0.52351, 0.387466
freqs:, 1460, 0.4375, 0.3, 0, 0.530477, 0.392073
freqs:, 1461, 0.4375, 0.3125, 0, 0.537645, 0.396751
freqs:, 1462, 0.4375, 0.325, 0, 0.545006, 0.401488
freqs:, 1463, 0.4375, 0.3375, 0, 0.552551, 0.406267
freqs:, 1464, 0.4375, 0.35, 0, 0.560273, 0.411069
freqs:, 1465, 0.4375, 0.3625, 0, 0.568166, 0.415876
freqs:, 1466, 0.4375, 0.375, 0, 0.576222, 0.420663
freqs:, 1467, 0.4375, 0.3875, 0, 0.584433, 0.425404
freqs:, 1468, 0.4375, 0.4, 0, 0.592795, 0.430065
freqs:, 1469, 0.4375, 0.4125, 0, 0.601301, 0.434603
freqs:, 1470, 0.4375, 0.425, 0, 0.609944, 0.438962
freqs:, 1471, 0.4375, 0.4375, 0, 0.618718, 0.443069
freqs:, 1472, 0.4375, 0.45, 0, 0.62762, 0.446822
freqs:, 1473, 0.4375, 0.4625, 0, 0.636642, 0.450082
freqs:, 1474, 0.4375, 0.475, 0, 0.64578, 0.452662
freqs:, 1475, 0.4375, 0.4875, 0, 0.655029, 0.454344
freqs:, 1476, 0.4375, 0.5, 0, 0.664384, 0.454932
freqs:, 1477, 0.45, 0, 0, 0.45, 0.331681
freqs:, 1478, 0.45, 0.0125, 0, 0.450174, 0.331811
freqs:, 1479, 0.45, 0.025, 0, 0.450694, 0.332203
freqs:, 1480, 0.45, 0.0375, 0, 0.45156, 0.332854
freqs:, 1481, 0.45, 0.05, 0, 0.452769, 0.333762
freqs:, 1482, 0.45, 0.0625, 0, 0.45432, 0.334924
freqs:, 1483, 0.45, 0.075, 0, 0.456207, 0.336337
freqs:, 1484, 0.45, 0.0875, 0, 0.458428, 0.337995
freqs:, 1485, 0.45, 0.1, 0, 0.460977, 0.339894
freqs:, 1486, 0.45, 0.1125, 0, 0.463849, 0.342027
freqs:, 1487, 0.45, 0.125, 0, 0.467039, 0.344387
freqs:, 1488, 0.45, 0.1375, 0, 0.470538, 0.346968
freqs:, 1489, 0.45, 0.15, 0, 0.474342, 0.34976
freqs:, 1490, 0.45, 0.1625, 0, 0.478441, 0.352757
freqs:, 1491, 0.45, 0.175, 0, 0.48283, 0.355949
freqs:, 1492, 0.45, 0.1875, 0, 0.4875, 0.359328
freqs:, 1493, 0.45, 0.2, 0, 0.492443, 0.362882
freqs:, 1494, 0.45, 0.2125, 0, 0.497651, 0.366604
freqs:, 1495, 0.45, 0.225, 0, 0.503115, 0.370481
freqs:, 1496, 0.45, 0.2375, 0, 0.508828, 0.374505
freqs:, 1497, 0.45, 0.25, 0, 0.514782, 0.378663
freqs:, 1498, 0.45, 0.2625, 0, 0.520967, 0.382945
freqs:, 1499, 0.45, 0.275, 0, 0.527376, 0.387338
freqs:, 1500, 0.45, 0.2875, 0, 0.534, 0.39183
freqs:, 1501, 0.45, 0.3, 0, 0.540833, 0.396408
freqs:, 1502, 0.45, 0.3125, 0, 0.547865, 0.401057
freqs:, 1503, 0.45, 0.325, 0, 0.55509, 0.405764
freqs:, 1504, 0.45, 0.3375, 0, 0.5625, 0.41051
freqs:, 1505, 0.45, 0.35, 0, 0.570088, 0.415277
freqs:, 1506, 0.45, 0.3625, 0, 0.577846, 0.420045
freqs:, 1507, 0.45, 0.375, 0, 0.585769, 0.424788
freqs:, 1508, 0.45, 0.3875, 0, 0.593849, 0.429477
freqs:, 1509, 0.45, 0.4, 0, 0.60208, 0.434077
freqs:, 1510, 0.45, 0.4125, 0, 0.610456, 0.438542
freqs:, 1511, 0.45, 0.425, 0, 0.618971, 0.442816
freqs:, 1512, 0.45, 0.4375, 0, 0.62762, 0.446822
freqs:, 1513, 0.45, 0.45, 0, 0.636396, 0.45046
freqs:, 1514, 0.45, 0.4625, 0, 0.645295, 0.453594
freqs:, 1515, 0.45, 0.475, 0, 0.654313, 0.456054
freqs:, 1516, 0.45, 0.4875, 0, 0.663443, 0.457644
freqs:, 1517, 0.45, 0.5, 0, 0.672681, 0.458197
freqs:, 1518, 0.4625, 0, 0, 0.4625, 0.335771
freqs:, 1519, 0.4625, 0.0125, 0, 0.462669, 0.3359
freqs:, 1520, 0.4625, 0.025, 0, 0.463175, 0.336288
freqs:, 1521, 0.4625, 0.0375, 0, 0.464018, 0.336934
freqs:, 1522, 0.4625, 0.05, 0, 0.465195, 0.337834
freqs:, 1523, 0.4625, 0.0625, 0, 0.466704, 0.338987
freqs:, 1524, 0.4625, 0.075, 0, 0.468542, 0.340388
freqs:, 1525, 0.4625, 0.0875, 0, 0.470704, 0.342033
freqs:, 1526, 0.4625, 0.1, 0, 0.473187, 0.343917
freqs:, 1527, 0.4625, 0.1125, 0, 0.475986, 0.346034
freqs:, 1528, 0.4625, 0.125, 0, 0.479094, 0.348377
freqs:, 1529, 0.4625, 0.1375, 0, 0.482506, 0.35094
freqs:, 1530, 0.4625, 0.15, 0, 0.486216, 0.353714
freqs:, 1531, 0.4625, 0.1625, 0, 0.490217, 0.356692
freqs:, 1532, 0.4625, 0.175, 0, 0.494501, 0.359865
freqs:, 1533, 0.4625, 0.1875, 0, 0.499062, 0.363225
freqs:, 1534, 0.4625, 0.2, 0, 0.503891, 0.366761
freqs:, 1535, 0.4625, 0.2125, 0, 0.508982, 0.370464
freqs:, 1536, 0.4625, 0.225, 0, 0.514326, 0.374324
freqs:, 1537, 0.4625, 0.2375, 0, 0.519916, 0.37833
freqs:, 1538, 0.4625, 0.25, 0, 0.525744, 0.382472
freqs:, 1539, 0.4625, 0.2625, 0, 0.531801, 0.386738
freqs:, 1540, 0.4625, 0.275, 0, 0.538081, 0.391116
freqs:, 1541, 0.4625, 0.2875, 0, 0.544576, 0.395593
freqs:, 1542, 0.4625, 0.3, 0, 0.551277, 0.400156
freqs:, 1543, 0.4625, 0.3125, 0, 0.558178, 0.40479
freqs:, 1544, 0.4625, 0.325, 0, 0.565271, 0.409479
freqs:, 1545, 0.4625, 0.3375, 0, 0.572549, 0.414207
freqs:, 1546, 0.4625, 0.35, 0, 0.580005, 0.418952
freqs:, 1547, 0.4625, 0.3625, 0, 0.587633, 0.423693
freqs:, 1548, 0.4625, 0.375, 0, 0.595425, 0.428402
freqs:, 1549, 0.4625, 0.3875, 0, 0.603376, 0.433049
freqs:, 1550, 0.4625, 0.4, 0, 0.611479, 0.437596
freqs:, 1551, 0.4625, 0.4125, 0, 0.619728, 0.441993
freqs:, 1552, 0.4625, 0.425, 0, 0.628117, 0.446181
freqs:, 1553, 0.4625, 0.4375, 0, 0.636642, 0.450082
freqs:, 1554, 0.4625, 0.45, 0, 0.645295, 0.453594
freqs:, 1555, 0.4625, 0.4625, 0, 0.654074, 0.45659
freqs:, 1556, 0.4625, 0.475, 0, 0.662972, 0.458915
freqs:, 1557, 0.4625, 0.4875, 0, 0.671984, 0.460402
freqs:, 1558, 0.4625, 0.5, 0, 0.681107, 0.460916
freqs:, 1559, 0.475, 0, 0, 0.475, 0.338886
freqs:, 1560, 0.475, 0.0125, 0, 0.475164, 0.339015
freqs:, 1561, 0.475, 0.025, 0, 0.475657, 0.339401
freqs:, 1562, 0.475, 0.0375, 0, 0.476478, 0.340043
freqs:, 1563, 0.475, 0.05, 0, 0.477624, 0.340939
freqs:, 1564, 0.475, 0.0625, 0, 0.479094, 0.342085
freqs:, 1565, 0.475, 0.075, 0, 0.480885, 0.343479
freqs:, 1566, 0.475, 0.0875, 0, 0.482992, 0.345117
freqs:, 1567, 0.475, 0.1, 0, 0.485412, 0.346992
freqs:, 1568, 0.475, 0.1125, 0, 0.488141, 0.349099
freqs:, 1569, 0.475, 0.125, 0, 0.491172, 0.351432
freqs:, 1570, 0.475, 0.1375, 0, 0.494501, 0.353985
freqs:, 1571, 0.475, 0.15, 0, 0.498121, 0.356749
freqs:, 1572, 0.475, 0.1625, 0, 0.502027, 0.359716
freqs:, 1573, 0.475, 0.175, 0, 0.506211, 0.362879
freqs:, 1574, 0.475, 0.1875, 0, 0.510667, 0.366229
freqs:, 1575, 0.475, 0.2, 0, 0.515388, 0.369756
freqs:, 1576, 0.475, 0.2125, 0, 0.520366, 0.37345
freqs:, 1577, 0.475, 0.225, 0, 0.525595, 0.377303
freqs:, 1578, 0.475, 0.2375, 0, 0.531066, 0.381302
freqs:, 1579, 0.475, 0.25, 0, 0.536773, 0.385438
freqs:, 1580, 0.475, 0.2625, 0, 0.542707, 0.389699
freqs:, 1581, 0.475, 0.275, 0, 0.548862, 0.394072
freqs:, 1582, 0.475, 0.2875, 0, 0.555231, 0.398545
freqs:, 1583, 0.475, 0.3, 0, 0.561805, 0.403105
freqs:, 1584, 0.475, 0.3125, 0, 0.568578, 0.407735
freqs:, 1585, 0.475, 0.325, 0, 0.575543, 0.412419
freqs:, 1586, 0.475, 0.3375, 0, 0.582693, 0.41714
freqs:, 1587, 0.475, 0.35, 0, 0.590021, 0.421876
freqs:, 1588, 0.475, 0.3625, 0, 0.597521, 0.426602
freqs:, 1589, 0.475, 0.375, 0, 0.605186, 0.431291
freqs:, 1590, 0.475, 0.3875, 0, 0.61301, 0.435908
freqs:, 1591, 0.475, 0.4, 0, 0.620987, 0.440411
freqs:, 1592, 0.475, 0.4125, 0, 0.629111, 0.44475
freqs:, 1593, 0.475, 0.425, 0, 0.637377, 0.448861
freqs:, 1594, 0.475, 0.4375, 0, 0.64578, 0.452662
freqs:, 1595, 0.475, 0.45, 0, 0.654313, 0.456054
freqs:, 1596, 0.475, 0.4625, 0, 0.662972, 0.458915
freqs:, 1597, 0.475, 0.475, 0, 0.671751, 0.461108
freqs:, 1598, 0.475, 0.4875, 0, 0.680648, 0.462496
freqs:, 1599, 0.475, 0.5, 0, 0.689656, 0.462972
freqs:, 1600, 0.4875, 0, 0, 0.4875, 0.340849
freqs:, 1601, 0.4875, 0.0125, 0, 0.48766, 0.340977
freqs:, 1602, 0.4875, 0.025, 0, 0.488141, 0.341362
freqs:, 1603, 0.4875, 0.0375, 0, 0.48894, 0.342002
freqs:, 1604, 0.4875, 0.05, 0, 0.490057, 0.342895
freqs:, 1605, 0.4875, 0.0625, 0, 0.49149, 0.344039
freqs:, 1606, 0.4875, 0.075, 0, 0.493235, 0.345429
freqs:, 1607, 0.4875, 0.0875, 0, 0.49529, 0.347062
freqs:, 1608, 0.4875, 0.1, 0, 0.497651, 0.348933
freqs:, 1609, 0.4875, 0.1125, 0, 0.500312, 0.351036
freqs:, 1610, 0.4875, 0.125, 0, 0.503271, 0.353364
freqs:, 1611, 0.4875, 0.1375, 0, 0.50652, 0.355912
freqs:, 1612, 0.4875, 0.15, 0, 0.510055, 0.358671
freqs:, 1613, 0.4875, 0.1625, 0, 0.51387, 0.361634
freqs:, 1614, 0.4875, 0.175, 0, 0.517959, 0.364793
freqs:, 1615, 0.4875, 0.1875, 0, 0.522315, 0.368139
freqs:, 1616, 0.4875, 0.2, 0, 0.526931, 0.371663
freqs:, 1617, 0.4875, 0.2125, 0, 0.531801, 0.375355
freqs:, 1618, 0.4875, 0.225, 0, 0.536918, 0.379206
freqs:, 1619, 0.4875, 0.2375, 0, 0.542275, 0.383205
freqs:, 1620, 0.4875, 0.25, 0, 0.547865, 0.387341
freqs:, 1621, 0.4875, 0.2625, 0, 0.553681, 0.391602
freqs:, 1622, 0.4875, 0.275, 0, 0.559715, 0.395977
freqs:, 1623, 0.4875, 0.2875, 0, 0.565962, 0.400452
freqs:, 1624, 0.4875, 0.3, 0, 0.572413, 0.405014
freqs:, 1625, 0.4875, 0.3125, 0, 0.579062, 0.409647
freqs:, 1626, 0.4875, 0.325, 0, 0.585902, 0.414333
freqs:, 1627, 0.4875, 0.3375, 0, 0.592927, 0.419055
freqs:, 1628, 0.4875, 0.35, 0, 0.60013, 0.423789
freqs:, 1629, 0.4875, 0.3625, 0, 0.607505, 0.428511
freqs:, 1630, 0.4875, 0.375, 0, 0.615046, 0.43319
freqs:, 1631, 0.4875, 0.3875, 0, 0.622746, 0.43779
freqs:, 1632, 0.4875, 0.4, 0, 0.6306, 0.442266
freqs:, 1633, 0.4875, 0.4125, 0, 0.638602, 0.446564
freqs:, 1634, 0.4875, 0.425, 0, 0.646747, 0.450618
freqs:, 1635, 0.4875, 0.4375, 0, 0.655029, 0.454344
freqs:, 1636, 0.4875, 0.45, 0, 0.663443, 0.457644
freqs:, 1637, 0.4875, 0.4625, 0, 0.671984, 0.460402
freqs:, 1638, 0.4875, 0.475, 0, 0.680648, 0.462496
freqs:, 1639, 0.4875, 0.4875, 0, 0.689429, 0.46381
freqs:, 1640, 0.4875, 0.5, 0, 0.698324, 0.464258
freqs:, 1641, 0.5, 0, 0, 0.5, 0.34152
freqs:, 1642, 0.5, 0.0125, 0, 0.500156, 0.341648
freqs:, 1643, 0.5, 0.025, 0, 0.500625, 0.342033
freqs:, 1644, 0.5, 0.0375, 0, 0.501404, 0.342672
freqs:, 1645, 0.5, 0.05, 0, 0.502494, 0.343565
freqs:, 1646, 0.5, 0.0625, 0, 0.503891, 0.344707
freqs:, 1647, 0.5, 0.075, 0, 0.505594, 0.346097
freqs:, 1648, 0.5, 0.0875, 0, 0.507599, 0.347729
freqs:, 1649, 0.5, 0.1, 0, 0.509902, 0.349598
freqs:, 1650, 0.5, 0.1125, 0, 0.5125, 0.3517
freqs:, 1651, 0.5, 0.125, 0, 0.515388, 0.354027
freqs:, 1652, 0.5, 0.1375, 0, 0.518562, 0.356573
freqs:, 1653, 0.5, 0.15, 0, 0.522015, 0.359331
freqs:, 1654, 0.5, 0.1625, 0, 0.525744, 0.362293
freqs:, 1655, 0.5, 0.175, 0, 0.529741, 0.365451
freqs:, 1656, 0.5, 0.1875, 0, 0.534, 0.368797
freqs:, 1657, 0.5, 0.2, 0, 0.538516, 0.37232
freqs:, 1658, 0.5, 0.2125, 0, 0.543283, 0.376012
freqs:, 1659, 0.5, 0.225, 0, 0.548293, 0.379863
freqs:, 1660, 0.5, 0.2375, 0, 0.55354, 0.383862
freqs:, 1661, 0.5, 0.25, 0, 0.559017, 0.387999
freqs:, 1662, 0.5, 0.2625, 0, 0.564718, 0.392261
freqs:, 1663, 0.5, 0.275, 0, 0.570636, 0.396638
freqs:, 1664, 0.5, 0.2875, 0, 0.576764, 0.401115
freqs:, 1665, 0.5, 0.3, 0, 0.583095, 0.405678
freqs:, 1666, 0.5, 0.3125, 0, 0.589624, 0.410313
freqs:, 1667, 0.5, 0.325, 0, 0.596343, 0.415002
freqs:, 1668, 0.5, 0.3375, 0, 0.603246, 0.419725
freqs:, 1669, 0.5, 0.35, 0, 0.610328, 0.42446
freqs:, 1670, 0.5, 0.3625, 0, 0.617581, 0.429181
freqs:, 1671, 0.5, 0.375, 0, 0.625, 0.433857
freqs:, 1672, 0.5, 0.3875, 0, 0.632579, 0.438452
freqs:, 1673, 0.5, 0.4, 0, 0.640312, 0.442919
freqs:, 1674, 0.5, 0.4125, 0, 0.648195, 0.447202
freqs:, 1675, 0.5, 0.425, 0, 0.65622, 0.451235
freqs:, 1676, 0.5, 0.4375, 0, 0.664384, 0.454932
freqs:, 1677, 0.5, 0.45, 0, 0.672681, 0.458197
freqs:, 1678, 0.5, 0.4625, 0, 0.681107, 0.460916
freqs:, 1679, 0.5, 0.475, 0, 0.689656, 0.462972
freqs:, 1680, 0.5, 0.4875, 0, 0.698324, 0.464258
freqs:, 1681, 0.5, 0.5, 0, 0.707107, 0.464696
freqs:, k index, k1, k2, k3, kmag/2pi, band 1
