freqs:, 1, 0, 0, 0, 0, 0
freqs:, 2, 0, 0.0125, 0, 0.0125, 0.011796
freqs:, 3, 0, 0.025, 0, 0.025, 0.0235726
freqs:, 4, 0, 0.0375, 0, 0.0375, 0.0353095
freqs:, 5, 0, 0.05, 0, 0.05, 0.0469841
freqs:, 6, 0, 0.0625, 0, 0.0625, 0.058571
freqs:, 7, 0, 0.075, 0, 0.075, 0.0700406
freqs:, 8, 0, 0.0875, 0, 0.0875, 0.0813597
freqs:, 9, 0, 0.1, 0, 0.1, 0.0924921
freqs:, 10, 0, 0.1125, 0, 0.1125, 0.103401
freqs:, 11, 0, 0.125, 0, 0.125, 0.114055
freqs:, 12, 0, 0.1375, 0, 0.1375, 0.124431
freqs:, 13, 0, 0.15, 0, 0.15, 0.134519
freqs:, 14, 0, 0.1625, 0, 0.1625, 0.144327
freqs:, 15, 0, 0.175, 0, 0.175, 0.153869
freqs:, 16, 0, 0.1875, 0, 0.1875, 0.163171
freqs:, 17, 0, 0.2, 0, 0.2, 0.172255
freqs:, 18, 0, 0.2125, 0, 0.2125, 0.181144
freqs:, 19, 0, 0.225, 0, 0.225, 0.189857
freqs:, 20, 0, 0.2375, 0, 0.2375, 0.198411
freqs:, 21, 0, 0.25, 0, 0.25, 0.206817
freqs:, 22, 0, 0.2625, 0, 0.2625, 0.215084
freqs:, 23, 0, 0.275, 0, 0.275, 0.223219
freqs:, 24, 0, 0.2875, 0, 0.2875, 0.231227
freqs:, 25, 0, 0.3, 0, 0.3, 0.23911
freqs:, 26, 0, 0.3125, 0, 0.3125, 0.246869
freqs:, 27, 0, 0.325, 0, 0.325, 0.254501
freqs:, 28, 0, 0.3375, 0, 0.3375, 0.262003
freqs:, 29, 0, 0.35, 0, 0.35, 0.269366
freqs:, 30, 0, 0.3625, 0, 0.3625, 0.276579
freqs:, 31, 0, 0.375, 0, 0.375, 0.283626
freqs:, 32, 0, 0.3875, 0, 0.3875, 0.290481
freqs:, 33, 0, 0.4, 0, 0.4, 0.297112
freqs:, 34, 0, 0.4125, 0, 0.4125, 0.30347
freqs:, 35, 0, 0.425, 0, 0.425, 0.309488
freqs:, 36, 0, 0.4375, 0, 0.4375, 0.315072
freqs:, 37, 0, 0.45, 0, 0.45, 0.320093
freqs:, 38, 0, 0.4625, 0, 0.4625, 0.324374
freqs:, 39, 0, 0.475, 0, 0.475, 0.327697
freqs:, 40, 0, 0.4875, 0, 0.4875, 0.329824
freqs:, 41, 0, 0.5, 0, 0.5, 0.330559
freqs:, 42, 0.0125, 0, 0, 0.0125, 0.011796
freqs:, 43, 0.0125, 0.0125, 0, 0.0176777, 0.0166775
freqs:, 44, 0.0125, 0.025, 0, 0.0279508, 0.0263478
freqs:, 45, 0.0125, 0.0375, 0, 0.0395285, 0.0372091
freqs:, 46, 0.0125, 0.05, 0, 0.0515388, 0.0484162
freqs:, 47, 0.0125, 0.0625, 0, 0.0637377, 0.0597129
freqs:, 48, 0.0125, 0.075, 0, 0.0760345, 0.0709842
freqs:, 49, 0.0125, 0.0875, 0, 0.0883883, 0.0821583
freqs:, 50, 0.0125, 0.1, 0, 0.100778, 0.0931792
freqs:, 51, 0.0125, 0.1125, 0, 0.113192, 0.104
freqs:, 52, 0.0125, 0.125, 0, 0.125623, 0.114581
freqs:, 53, 0.0125, 0.1375, 0, 0.138067, 0.124897
freqs:, 54, 0.0125, 0.15, 0, 0.15052, 0.134935
freqs:, 55, 0.0125, 0.1625, 0, 0.16298, 0.144701
freqs:, 56, 0.0125, 0.175, 0, 0.175446, 0.154209
freqs:, 57, 0.0125, 0.1875, 0, 0.187916, 0.163481
freqs:, 58, 0.0125, 0.2, 0, 0.20039, 0.17254
freqs:, 59, 0.0125, 0.2125, 0, 0.212867, 0.181408
freqs:, 60, 0.0125, 0.225, 0, 0.225347, 0.190103
freqs:, 61, 0.0125, 0.2375, 0, 0.237829, 0.19864
freqs:, 62, 0.0125, 0.25, 0, 0.250312, 0.207032
freqs:, 63, 0.0125, 0.2625, 0, 0.262797, 0.215287
freqs:, 64, 0.0125, 0.275, 0, 0.275284, 0.223411
freqs:, 65, 0.0125, 0.2875, 0, 0.287772, 0.231409
freqs:, 66, 0.0125, 0.3, 0, 0.30026, 0.239284
freqs:, 67, 0.0125, 0.3125, 0, 0.31275, 0.247034
freqs:, 68, 0.0125, 0.325, 0, 0.32524, 0.25466
freqs:, 69, 0.0125, 0.3375, 0, 0.337731, 0.262155
freqs:, 70, 0.0125, 0.35, 0, 0.350223, 0.269513
freqs:, 71, 0.0125, 0.3625, 0, 0.362715, 0.276721
freqs:, 72, 0.0125, 0.375, 0, 0.375208, 0.283763
freqs:, 73, 0.0125, 0.3875, 0, 0.387702, 0.290614
freqs:, 74, 0.0125, 0.4, 0, 0.400195, 0.297241
freqs:, 75, 0.0125, 0.4125, 0, 0.412689, 0.303596
freqs:, 76, 0.0125, 0.425, 0, 0.425184, 0.309611
freqs:, 77, 0.0125, 0.4375, 0, 0.437679, 0.315194
freqs:, 78, 0.0125, 0.45, 0, 0.450174, 0.320213
freqs:, 79, 0.0125, 0.4625, 0, 0.462669, 0.324493
freqs:, 80, 0.0125, 0.475, 0, 0.475164, 0.327815
freqs:, 81, 0.0125, 0.4875, 0, 0.48766, 0.329942
freqs:, 82, 0.0125, 0.5, 0, 0.500156, 0.330677
freqs:, 83, 0.025, 0, 0, 0.025, 0.0235726
freqs:, 84, 0.025, 0.0125, 0, 0.0279508, 0.0263478
freqs:, 85, 0.025, 0.025, 0, 0.0353553, 0.0333
freqs:, 86, 0.025, 0.0375, 0, 0.0450694, 0.0423889
freqs:, 87, 0.025, 0.05, 0, 0.0559017, 0.0524686
freqs:, 88, 0.025, 0.0625, 0, 0.0673146, 0.0630061
freqs:, 89, 0.025, 0.075, 0, 0.0790569, 0.0737349
freqs:, 90, 0.025, 0.0875, 0, 0.0910014, 0.0845016
freqs:, 91, 0.025, 0.1, 0, 0.103078, 0.0952043
freqs:, 92, 0.025, 0.1125, 0, 0.115244, 0.105768
freqs:, 93, 0.025, 0.125, 0, 0.127475, 0.116139
freqs:, 94, 0.025, 0.1375, 0, 0.139754, 0.12628
freqs:, 95, 0.025, 0.15, 0, 0.152069, 0.136172
freqs:, 96, 0.025, 0.1625, 0, 0.164412, 0.145815
freqs:, 97, 0.025, 0.175, 0, 0.176777, 0.15522
freqs:, 98, 0.025, 0.1875, 0, 0.189159, 0.164405
freqs:, 99, 0.025, 0.2, 0, 0.201556, 0.17339
freqs:, 100, 0.025, 0.2125, 0, 0.213966, 0.182195
freqs:, 101, 0.025, 0.225, 0, 0.226385, 0.190836
freqs:, 102, 0.025, 0.2375, 0, 0.238812, 0.199326
freqs:, 103, 0.025, 0.25, 0, 0.251247, 0.207676
freqs:, 104, 0.025, 0.2625, 0, 0.263688, 0.215894
freqs:, 105, 0.025, 0.275, 0, 0.276134, 0.223986
freqs:, 106, 0.025, 0.2875, 0, 0.288585, 0.231955
freqs:, 107, 0.025, 0.3, 0, 0.30104, 0.239804
freqs:, 108, 0.025, 0.3125, 0, 0.313498, 0.247531
freqs:, 109, 0.025, 0.325, 0, 0.32596, 0.255135
freqs:, 110, 0.025, 0.3375, 0, 0.338425, 0.262612
freqs:, 111, 0.025, 0.35, 0, 0.350892, 0.269952
freqs:, 112, 0.025, 0.3625, 0, 0.363361, 0.277145
freqs:, 113, 0.025, 0.375, 0, 0.375832, 0.284173
freqs:, 114, 0.025, 0.3875, 0, 0.388306, 0.291012
freqs:, 115, 0.025, 0.4, 0, 0.40078, 0.297628
freqs:, 116, 0.025, 0.4125, 0, 0.413257, 0.303974
freqs:, 117, 0.025, 0.425, 0, 0.425735, 0.309982
freqs:, 118, 0.025, 0.4375, 0, 0.438214, 0.315558
freqs:, 119, 0.025, 0.45, 0, 0.450694, 0.320572
freqs:, 120, 0.025, 0.4625, 0, 0.463175, 0.324849
freqs:, 121, 0.025, 0.475, 0, 0.475657, 0.32817
freqs:, 122, 0.025, 0.4875, 0, 0.488141, 0.330296
freqs:, 123, 0.025, 0.5, 0, 0.500625, 0.331031
freqs:, 124, 0.0375, 0, 0, 0.0375, 0.0353095
freqs:, 125, 0.0375, 0.0125, 0, 0.0395285, 0.0372091
freqs:, 126, 0.0375, 0.025, 0, 0.0450694, 0.0423889
freqs:, 127, 0.0375, 0.0375, 0, 0.053033, 0.0498064
freqs:, 128, 0.0375, 0.05, 0, 0.0625, 0.0585737
freqs:, 129, 0.0375, 0.0625, 0, 0.0728869, 0.0681152
freqs:, 130, 0.0375, 0.075, 0, 0.0838525, 0.0780799
freqs:, 131, 0.0375, 0.0875, 0, 0.0951972, 0.0882464
freqs:, 132, 0.0375, 0.1, 0, 0.1068, 0.0984661
freqs:, 133, 0.0375, 0.1125, 0, 0.118585, 0.108634
freqs:, 134, 0.0375, 0.125, 0, 0.130504, 0.118674
freqs:, 135, 0.0375, 0.1375, 0, 0.142522, 0.128537
freqs:, 136, 0.0375, 0.15, 0, 0.154616, 0.138196
freqs:, 137, 0.0375, 0.1625, 0, 0.166771, 0.147643
freqs:, 138, 0.0375, 0.175, 0, 0.178973, 0.156882
freqs:, 139, 0.0375, 0.1875, 0, 0.191213, 0.165927
freqs:, 140, 0.0375, 0.2, 0, 0.203485, 0.174794
freqs:, 141, 0.0375, 0.2125, 0, 0.215783, 0.183496
freqs:, 142, 0.0375, 0.225, 0, 0.228104, 0.192048
freqs:, 143, 0.0375, 0.2375, 0, 0.240442, 0.200461
freqs:, 144, 0.0375, 0.25, 0, 0.252797, 0.208744
freqs:, 145, 0.0375, 0.2625, 0, 0.265165, 0.216902
freqs:, 146, 0.0375, 0.275, 0, 0.277545, 0.22494
freqs:, 147, 0.0375, 0.2875, 0, 0.289935, 0.232861
freqs:, 148, 0.0375, 0.3, 0, 0.302335, 0.240666
freqs:, 149, 0.0375, 0.3125, 0, 0.314742, 0.248355
freqs:, 150, 0.0375, 0.325, 0, 0.327156, 0.255925
freqs:, 151, 0.0375, 0.3375, 0, 0.339577, 0.26337
freqs:, 152, 0.0375, 0.35, 0, 0.352003, 0.270682
freqs:, 153, 0.0375, 0.3625, 0, 0.364434, 0.27785
freqs:, 154, 0.0375, 0.375, 0, 0.37687, 0.284855
freqs:, 155, 0.0375, 0.3875, 0, 0.38931, 0.291674
freqs:, 156, 0.0375, 0.4, 0, 0.401754, 0.298272
freqs:, 157, 0.0375, 0.4125, 0, 0.414201, 0.304602
freqs:, 158, 0.0375, 0.425, 0, 0.426651, 0.310598
freqs:, 159, 0.0375, 0.4375, 0, 0.439104, 0.316164
freqs:, 160, 0.0375, 0.45, 0, 0.45156, 0.32117
freqs:, 161, 0.0375, 0.4625, 0, 0.464018, 0.325442
freqs:, 162, 0.0375, 0.475, 0, 0.476478, 0.32876
freqs:, 163, 0.0375, 0.4875, 0, 0.48894, 0.330885
freqs:, 164, 0.0375, 0.5, 0, 0.501404, 0.33162
freqs:, 165, 0.05, 0, 0, 0.05, 0.0469841
freqs:, 166, 0.05, 0.0125, 0, 0.0515388, 0.0484162
freqs:, 167, 0.05, 0.025, 0, 0.0559017, 0.0524686
freqs:, 168, 0.05, 0.0375, 0, 0.0625, 0.0585737
freqs:, 169, 0.05, 0.05, 0, 0.0707107, 0.0661246
freqs:, 170, 0.05, 0.0625, 0, 0.0800391, 0.0746305
freqs:, 171, 0.05, 0.075, 0, 0.0901388, 0.0837361
freqs:, 172, 0.05, 0.0875, 0, 0.100778, 0.093191
freqs:, 173, 0.05, 0.1, 0, 0.111803, 0.102817
freqs:, 174, 0.05, 0.1125, 0, 0.123111, 0.112484
freqs:, 175, 0.05, 0.125, 0, 0.134629, 0.1221
freqs:, 176, 0.05, 0.1375, 0, 0.146309, 0.131604
freqs:, 177, 0.05, 0.15, 0, 0.158114, 0.140957
freqs:, 178, 0.05, 0.1625, 0, 0.170018, 0.150145
freqs:, 179, 0.05, 0.175, 0, 0.182003, 0.159165
freqs:, 180, 0.05, 0.1875, 0, 0.194052, 0.168023
freqs:, 181, 0.05, 0.2, 0, 0.206155, 0.176729
freqs:, 182, 0.05, 0.2125, 0, 0.218303, 0.185294
freqs:, 183, 0.05, 0.225, 0, 0.230489, 0.193726
freqs:, 184, 0.05, 0.2375, 0, 0.242706, 0.202034
freqs:, 185, 0.05, 0.25, 0, 0.254951, 0.210224
freqs:, 186, 0.05, 0.2625, 0, 0.267219, 0.218299
freqs:, 187, 0.05, 0.275, 0, 0.279508, 0.226264
freqs:, 188, 0.05, 0.2875, 0, 0.291815, 0.23412
freqs:, 189, 0.05, 0.3, 0, 0.304138, 0.241866
freqs:, 190, 0.05, 0.3125, 0, 0.316475, 0.249502
freqs:, 191, 0.05, 0.325, 0, 0.328824, 0.257024
freqs:, 192, 0.05, 0.3375, 0, 0.341184, 0.264426
freqs:, 193, 0.05, 0.35, 0, 0.353553, 0.271699
freqs:, 194, 0.05, 0.3625, 0, 0.365932, 0.278831
freqs:, 195, 0.05, 0.375, 0, 0.378319, 0.285805
freqs:, 196, 0.05, 0.3875, 0, 0.390712, 0.292596
freqs:, 197, 0.05, 0.4, 0, 0.403113, 0.29917
freqs:, 198, 0.05, 0.4125, 0, 0.415519, 0.305479
freqs:, 199, 0.05, 0.425, 0, 0.427931, 0.311457
freqs:, 200, 0.05, 0.4375, 0, 0.440348, 0.317009
freqs:, 201, 0.05, 0.45, 0, 0.452769, 0.322005
freqs:, 202, 0.05, 0.4625, 0, 0.465195, 0.32627
freqs:, 203, 0.05, 0.475, 0, 0.477624, 0.329584
freqs:, 204, 0.05, 0.4875, 0, 0.490057, 0.331707
freqs:, 205, 0.05, 0.5, 0, 0.502494, 0.332442
freqs:, 206, 0.0625, 0, 0, 0.0625, 0.058571
freqs:, 207, 0.0625, 0.0125, 0, 0.0637377, 0.0597129
freqs:, 208, 0.0625, 0.025, 0, 0.0673146, 0.0630061
freqs:, 209, 0.0625, 0.0375, 0, 0.0728869, 0.0681152
freqs:, 210, 0.0625, 0.05, 0, 0.0800391, 0.0746305
freqs:, 211, 0.0625, 0.0625, 0, 0.0883883, 0.0821678
freqs:, 212, 0.0625, 0.075, 0, 0.0976281, 0.0904106
freqs:, 213, 0.0625, 0.0875, 0, 0.107529, 0.099112
freqs:, 214, 0.0625, 0.1, 0, 0.117925, 0.108084
freqs:, 215, 0.0625, 0.1125, 0, 0.128695, 0.117186
freqs:, 216, 0.0625, 0.125, 0, 0.139754, 0.126314
freqs:, 217, 0.0625, 0.1375, 0, 0.151038, 0.135397
freqs:, 218, 0.0625, 0.15, 0, 0.1625, 0.144391
freqs:, 219, 0.0625, 0.1625, 0, 0.174105, 0.15327
freqs:, 220, 0.0625, 0.175, 0, 0.185826, 0.162027
freqs:, 221, 0.0625, 0.1875, 0, 0.197642, 0.170659
freqs:, 222, 0.0625, 0.2, 0, 0.209538, 0.17917
freqs:, 223, 0.0625, 0.2125, 0, 0.221501, 0.187566
freqs:, 224, 0.0625, 0.225, 0, 0.233519, 0.19585
freqs:, 225, 0.0625, 0.2375, 0, 0.245586, 0.204028
freqs:, 226, 0.0625, 0.25, 0, 0.257694, 0.212103
freqs:, 227, 0.0625, 0.2625, 0, 0.269838, 0.220076
freqs:, 228, 0.0625, 0.275, 0, 0.282013, 0.22795
freqs:, 229, 0.0625, 0.2875, 0, 0.294215, 0.235723
freqs:, 230, 0.0625, 0.3, 0, 0.306441, 0.243396
freqs:, 231, 0.0625, 0.3125, 0, 0.318689, 0.250965
freqs:, 232, 0.0625, 0.325, 0, 0.330955, 0.258427
freqs:, 233, 0.0625, 0.3375, 0, 0.343238, 0.265774
freqs:, 234, 0.0625, 0.35, 0, 0.355537, 0.272998
freqs:, 235, 0.0625, 0.3625, 0, 0.367848, 0.280086
freqs:, 236, 0.0625, 0.375, 0, 0.380173, 0.28702
freqs:, 237, 0.0625, 0.3875, 0, 0.392508, 0.293776
freqs:, 238, 0.0625, 0.4, 0, 0.404853, 0.300318
freqs:, 239, 0.0625, 0.4125, 0, 0.417208, 0.306601
freqs:, 240, 0.0625, 0.425, 0, 0.429571, 0.312556
freqs:, 241, 0.0625, 0.4375, 0, 0.441942, 0.31809
freqs:, 242, 0.0625, 0.45, 0, 0.45432, 0.323073
freqs:, 243, 0.0625, 0.4625, 0, 0.466704, 0.327329
freqs:, 244, 0.0625, 0.475, 0, 0.479094, 0.330638
freqs:, 245, 0.0625, 0.4875, 0, 0.49149, 0.33276
freqs:, 246, 0.0625, 0.5, 0, 0.503891, 0.333494
freqs:, 247, 0.075, 0, 0, 0.075, 0.0700406
freqs:, 248, 0.075, 0.0125, 0, 0.0760345, 0.0709842
freqs:, 249, 0.075, 0.025, 0, 0.0790569, 0.0737349
freqs:, 250, 0.075, 0.0375, 0, 0.0838525, 0.0780799
freqs:, 251, 0.075, 0.05, 0, 0.0901388, 0.0837361
freqs:, 252, 0.075, 0.0625, 0, 0.0976281, 0.0904106
freqs:, 253, 0.075, 0.075, 0, 0.106066, 0.0978374
freqs:, 254, 0.075, 0.0875, 0, 0.115244, 0.105792
freqs:, 255, 0.075, 0.1, 0, 0.125, 0.114094
freqs:, 256, 0.075, 0.1125, 0, 0.135208, 0.1226
freqs:, 257, 0.075, 0.125, 0, 0.145774, 0.131203
freqs:, 258, 0.075, 0.1375, 0, 0.156625, 0.139828
freqs:, 259, 0.075, 0.15, 0, 0.167705, 0.148424
freqs:, 260, 0.075, 0.1625, 0, 0.178973, 0.15696
freqs:, 261, 0.075, 0.175, 0, 0.190394, 0.16542
freqs:, 262, 0.075, 0.1875, 0, 0.201944, 0.173796
freqs:, 263, 0.075, 0.2, 0, 0.2136, 0.182084
freqs:, 264, 0.075, 0.2125, 0, 0.225347, 0.190285
freqs:, 265, 0.075, 0.225, 0, 0.237171, 0.198399
freqs:, 266, 0.075, 0.2375, 0, 0.249061, 0.206425
freqs:, 267, 0.075, 0.25, 0, 0.261008, 0.214365
freqs:, 268, 0.075, 0.2625, 0, 0.273004, 0.222218
freqs:, 269, 0.075, 0.275, 0, 0.285044, 0.229984
freqs:, 270, 0.075, 0.2875, 0, 0.297122, 0.23766
freqs:, 271, 0.075, 0.3, 0, 0.309233, 0.245245
freqs:, 272, 0.075, 0.3125, 0, 0.321374, 0.252735
freqs:, 273, 0.075, 0.325, 0, 0.333542, 0.260125
freqs:, 274, 0.075, 0.3375, 0, 0.345733, 0.267407
freqs:, 275, 0.075, 0.35, 0, 0.357946, 0.274573
freqs:, 276, 0.075, 0.3625, 0, 0.370177, 0.281608
freqs:, 277, 0.075, 0.375, 0, 0.382426, 0.288494
freqs:, 278, 0.075, 0.3875, 0, 0.394691, 0.295207
freqs:, 279, 0.075, 0.4, 0, 0.406971, 0.301713
freqs:, 280, 0.075, 0.4125, 0, 0.419263, 0.307963
freqs:, 281, 0.075, 0.425, 0, 0.431567, 0.313891
freqs:, 282, 0.075, 0.4375, 0, 0.443882, 0.319404
freqs:, 283, 0.075, 0.45, 0, 0.456207, 0.324371
freqs:, 284, 0.075, 0.4625, 0, 0.468542, 0.328617
freqs:, 285, 0.075, 0.475, 0, 0.480885, 0.331921
freqs:, 286, 0.075, 0.4875, 0, 0.493235, 0.33404
freqs:, 287, 0.075, 0.5, 0, 0.505594, 0.334773
freqs:, 288, 0.0875, 0, 0, 0.0875, 0.0813597
freqs:, 289, 0.0875, 0.0125, 0, 0.0883883, 0.0821583
freqs:, 290, 0.0875, 0.025, 0, 0.0910014, 0.0845016
freqs:, 291, 0.0875, 0.0375, 0, 0.0951972, 0.0882464
freqs:, 292, 0.0875, 0.05, 0, 0.100778, 0.093191
freqs:, 293, 0.0875, 0.0625, 0, 0.107529, 0.099112
freqs:, 294, 0.0875, 0.075, 0, 0.115244, 0.105792
freqs:, 295, 0.0875, 0.0875, 0, 0.123744, 0.113037
freqs:, 296, 0.0875, 0.1, 0, 0.132877, 0.12068
freqs:, 297, 0.0875, 0.1125, 0, 0.142522, 0.128587
freqs:, 298, 0.0875, 0.125, 0, 0.152582, 0.136654
freqs:, 299, 0.0875, 0.1375, 0, 0.16298, 0.144803
freqs:, 300, 0.0875, 0.15, 0, 0.173656, 0.152982
freqs:, 301, 0.0875, 0.1625, 0, 0.18456, 0.161153
freqs:, 302, 0.0875, 0.175, 0, 0.195656, 0.169294
freqs:, 303, 0.0875, 0.1875, 0, 0.206912, 0.177392
freqs:, 304, 0.0875, 0.2, 0, 0.218303, 0.185437
freqs:, 305, 0.0875, 0.2125, 0, 0.22981, 0.193422
freqs:, 306, 0.0875, 0.225, 0, 0.241415, 0.201346
freqs:, 307, 0.0875, 0.2375, 0, 0.253106, 0.209203
freqs:, 308, 0.0875, 0.25, 0, 0.26487, 0.216992
freqs:, 309, 0.0875, 0.2625, 0, 0.276699, 0.224709
freqs:, 310, 0.0875, 0.275, 0, 0.288585, 0.232352
freqs:, 311, 0.0875, 0.2875, 0, 0.30052, 0.239918
freqs:, 312, 0.0875, 0.3, 0, 0.3125, 0.247403
freqs:, 313, 0.0875, 0.3125, 0, 0.324519, 0.254803
freqs:, 314, 0.0875, 0.325, 0, 0.336573, 0.26211
freqs:, 315, 0.0875, 0.3375, 0, 0.348658, 0.269318
freqs:, 316, 0.0875, 0.35, 0, 0.360772, 0.276416
freqs:, 317, 0.0875, 0.3625, 0, 0.372911, 0.28339
freqs:, 318, 0.0875, 0.375, 0, 0.385073, 0.290221
freqs:, 319, 0.0875, 0.3875, 0, 0.397256, 0.296885
freqs:, 320, 0.0875, 0.4, 0, 0.409458, 0.303348
freqs:, 321, 0.0875, 0.4125, 0, 0.421678, 0.309561
freqs:, 322, 0.0875, 0.425, 0, 0.433914, 0.315458
freqs:, 323, 0.0875, 0.4375, 0, 0.446164, 0.320946
freqs:, 324, 0.0875, 0.45, 0, 0.458428, 0.325895
freqs:, 325, 0.0875, 0.4625, 0, 0.470704, 0.330129
freqs:, 326, 0.0875, 0.475, 0, 0.482992, 0.333426
freqs:, 327, 0.0875, 0.4875, 0, 0.49529, 0.335543
freqs:, 328, 0.0875, 0.5, 0, 0.507599, 0.336276
freqs:, 329, 0.1, 0, 0, 0.1, 0.0924921
freqs:, 330, 0.1, 0.0125, 0, 0.100778, 0.0931792
freqs:, 331, 0.1, 0.025, 0, 0.103078, 0.0952043
freqs:, 332, 0.1, 0.0375, 0, 0.1068, 0.0984661
freqs:, 333, 0.1, 0.05, 0, 0.111803, 0.102817
freqs:, 334, 0.1, 0.0625, 0, 0.117925, 0.108084
freqs:, 335, 0.1, 0.075, 0, 0.125, 0.114094
freqs:, 336, 0.1, 0.0875, 0, 0.132877, 0.12068
freqs:, 337, 0.1, 0.1, 0, 0.141421, 0.127697
freqs:, 338, 0.1, 0.1125, 0, 0.15052, 0.135024
freqs:, 339, 0.1, 0.125, 0, 0.160078, 0.142561
freqs:, 340, 0.1, 0.1375, 0, 0.170018, 0.150235
freqs:, 341, 0.1, 0.15, 0, 0.180278, 0.15799
freqs:, 342, 0.1, 0.1625, 0, 0.190804, 0.165787
freqs:, 343, 0.1, 0.175, 0, 0.201556, 0.173598
freqs:, 344, 0.1, 0.1875, 0, 0.2125, 0.181404
freqs:, 345, 0.1, 0.2, 0, 0.223607, 0.18919
freqs:, 346, 0.1, 0.2125, 0, 0.234854, 0.196946
freqs:, 347, 0.1, 0.225, 0, 0.246221, 0.204664
freqs:, 348, 0.1, 0.2375, 0, 0.257694, 0.212338
freqs:, 349, 0.1, 0.25, 0, 0.269258, 0.219962
freqs:, 350, 0.1, 0.2625, 0, 0.280903, 0.22753
freqs:, 351, 0.1, 0.275, 0, 0.292617, 0.235039
freqs:, 352, 0.1, 0.2875, 0, 0.304395, 0.242483
freqs:, 353, 0.1, 0.3, 0, 0.316228, 0.249858
freqs:, 354, 0.1, 0.3125, 0, 0.32811, 0.257156
freqs:, 355, 0.1, 0.325, 0, 0.340037, 0.264372
freqs:, 356, 0.1, 0.3375, 0, 0.352003, 0.271497
freqs:, 357, 0.1, 0.35, 0, 0.364005, 0.278519
freqs:, 358, 0.1, 0.3625, 0, 0.37604, 0.285424
freqs:, 359, 0.1, 0.375, 0, 0.388104, 0.292194
freqs:, 360, 0.1, 0.3875, 0, 0.400195, 0.298804
freqs:, 361, 0.1, 0.4, 0, 0.412311, 0.305218
freqs:, 362, 0.1, 0.4125, 0, 0.424448, 0.311389
freqs:, 363, 0.1, 0.425, 0, 0.436606, 0.317251
freqs:, 364, 0.1, 0.4375, 0, 0.448783, 0.322711
freqs:, 365, 0.1, 0.45, 0, 0.460977, 0.32764
freqs:, 366, 0.1, 0.4625, 0, 0.473187, 0.33186
freqs:, 367, 0.1, 0.475, 0, 0.485412, 0.335151
freqs:, 368, 0.1, 0.4875, 0, 0.497651, 0.337266
freqs:, 369, 0.1, 0.5, 0, 0.509902, 0.337998
freqs:, 370, 0.1125, 0, 0, 0.1125, 0.103401
freqs:, 371, 0.1125, 0.0125, 0, 0.113192, 0.104
freqs:, 372, 0.1125, 0.025, 0, 0.115244, 0.105768
freqs:, 373, 0.1125, 0.0375, 0, 0.118585, 0.108634
freqs:, 374, 0.1125, 0.05, 0, 0.123111, 0.112484
freqs:, 375, 0.1125, 0.0625, 0, 0.128695, 0.117186
freqs:, 376, 0.1125, 0.075, 0, 0.135208, 0.1226
freqs:, 377, 0.1125, 0.0875, 0, 0.142522, 0.128587
freqs:, 378, 0.1125, 0.1, 0, 0.15052, 0.135024
freqs:, 379, 0.1125, 0.1125, 0, 0.159099, 0.141801
freqs:, 380, 0.1125, 0.125, 0, 0.16817, 0.148832
freqs:, 381, 0.1125, 0.1375, 0, 0.177658, 0.156043
freqs:, 382, 0.1125, 0.15, 0, 0.1875, 0.163381
freqs:, 383, 0.1125, 0.1625, 0, 0.197642, 0.170804
freqs:, 384, 0.1125, 0.175, 0, 0.208041, 0.178281
freqs:, 385, 0.1125, 0.1875, 0, 0.218661, 0.185788
freqs:, 386, 0.1125, 0.2, 0, 0.229469, 0.193307
freqs:, 387, 0.1125, 0.2125, 0, 0.240442, 0.200823
freqs:, 388, 0.1125, 0.225, 0, 0.251558, 0.208326
freqs:, 389, 0.1125, 0.2375, 0, 0.262797, 0.215806
freqs:, 390, 0.1125, 0.25, 0, 0.274146, 0.223254
freqs:, 391, 0.1125, 0.2625, 0, 0.285591, 0.230663
freqs:, 392, 0.1125, 0.275, 0, 0.297122, 0.238027
freqs:, 393, 0.1125, 0.2875, 0, 0.308727, 0.24534
freqs:, 394, 0.1125, 0.3, 0, 0.3204, 0.252595
freqs:, 395, 0.1125, 0.3125, 0, 0.332133, 0.259784
freqs:, 396, 0.1125, 0.325, 0, 0.34392, 0.2669
freqs:, 397, 0.1125, 0.3375, 0, 0.355756, 0.273934
freqs:, 398, 0.1125, 0.35, 0, 0.367636, 0.280873
freqs:, 399, 0.1125, 0.3625, 0, 0.379556, 0.287704
freqs:, 400, 0.1125, 0.375, 0, 0.391511, 0.294406
freqs:, 401, 0.1125, 0.3875, 0, 0.4035, 0.300955
freqs:, 402, 0.1125, 0.4, 0, 0.415519, 0.307315
freqs:, 403, 0.1125, 0.4125, 0, 0.427566, 0.31344
freqs:, 404, 0.1125, 0.425, 0, 0.439638, 0.319264
freqs:, 405, 0.1125, 0.4375, 0, 0.451733, 0.324694
freqs:, 406, 0.1125, 0.45, 0, 0.463849, 0.3296
freqs:, 407, 0.1125, 0.4625, 0, 0.475986, 0.333806
freqs:, 408, 0.1125, 0.475, 0, 0.488141, 0.33709
freqs:, 409, 0.1125, 0.4875, 0, 0.500312, 0.339202
freqs:, 410, 0.1125, 0.5, 0, 0.5125, 0.339934
freqs:, 411, 0.125, 0, 0, 0.125, 0.114055
freqs:, 412, 0.125, 0.0125, 0, 0.125623, 0.114581
freqs:, 413, 0.125, 0.025, 0, 0.127475, 0.116139
freqs:, 414, 0.125, 0.0375, 0, 0.130504, 0.118674
freqs:, 415, 0.125, 0.05, 0, 0.134629, 0.1221
freqs:, 416, 0.125, 0.0625, 0, 0.139754, 0.126314
freqs:, 417, 0.125, 0.075, 0, 0.145774, 0.131203
freqs:, 418, 0.125, 0.0875, 0, 0.152582, 0.136654
freqs:, 419, 0.125, 0.1, 0, 0.160078, 0.142561
freqs:, 420, 0.125, 0.1125, 0, 0.16817, 0.148832
freqs:, 421, 0.125, 0.125, 0, 0.176777, 0.155385
freqs:, 422, 0.125, 0.1375, 0, 0.185826, 0.162156
freqs:, 423, 0.125, 0.15, 0, 0.195256, 0.169091
freqs:, 424, 0.125, 0.1625, 0, 0.205015, 0.176148
freqs:, 425, 0.125, 0.175, 0, 0.215058, 0.183294
freqs:, 426, 0.125, 0.1875, 0, 0.225347, 0.190501
freqs:, 427, 0.125, 0.2, 0, 0.23585, 0.19775
freqs:, 428, 0.125, 0.2125, 0, 0.246539, 0.205022
freqs:, 429, 0.125, 0.225, 0, 0.257391, 0.212303
freqs:, 430, 0.125, 0.2375, 0, 0.268386, 0.219581
freqs:, 431, 0.125, 0.25, 0, 0.279508, 0.226845
freqs:, 432, 0.125, 0.2625, 0, 0.290743, 0.234088
freqs:, 433, 0.125, 0.275, 0, 0.302076, 0.241299
freqs:, 434, 0.125, 0.2875, 0, 0.313498, 0.248473
freqs:, 435, 0.125, 0.3, 0, 0.325, 0.255599
freqs:, 436, 0.125, 0.3125, 0, 0.336573, 0.262672
freqs:, 437, 0.125, 0.325, 0, 0.34821, 0.269682
freqs:, 438, 0.125, 0.3375, 0, 0.359905, 0.276618
freqs:, 439, 0.125, 0.35, 0, 0.371652, 0.283468
freqs:, 440, 0.125, 0.3625, 0, 0.383447, 0.290218
freqs:, 441, 0.125, 0.375, 0, 0.395285, 0.296847
freqs:, 442, 0.125, 0.3875, 0, 0.407162, 0.30333
freqs:, 443, 0.125, 0.4, 0, 0.419076, 0.309633
freqs:, 444, 0.125, 0.4125, 0, 0.431023, 0.315709
freqs:, 445, 0.125, 0.425, 0, 0.443001, 0.321491
freqs:, 446, 0.125, 0.4375, 0, 0.455007, 0.326887
freqs:, 447, 0.125, 0.45, 0, 0.467039, 0.331769
freqs:, 448, 0.125, 0.4625, 0, 0.479094, 0.335961
freqs:, 449, 0.125, 0.475, 0, 0.491172, 0.339237
freqs:, 450, 0.125, 0.4875, 0, 0.503271, 0.341347
freqs:, 451, 0.125, 0.5, 0, 0.515388, 0.342079
freqs:, 452, 0.1375, 0, 0, 0.1375, 0.124431
freqs:, 453, 0.1375, 0.0125, 0, 0.138067, 0.124897
freqs:, 454, 0.1375, 0.025, 0, 0.139754, 0.12628
freqs:, 455, 0.1375, 0.0375, 0, 0.142522, 0.128537
freqs:, 456, 0.1375, 0.05, 0, 0.146309, 0.131604
freqs:, 457, 0.1375, 0.0625, 0, 0.151038, 0.135397
freqs:, 458, 0.1375, 0.075, 0, 0.156625, 0.139828
freqs:, 459, 0.1375, 0.0875, 0, 0.16298, 0.144803
freqs:, 460, 0.1375, 0.1, 0, 0.170018, 0.150235
freqs:, 461, 0.1375, 0.1125, 0, 0.177658, 0.156043
freqs:, 462, 0.1375, 0.125, 0, 0.185826, 0.162156
freqs:, 463, 0.1375, 0.1375, 0, 0.194454, 0.168514
freqs:, 464, 0.1375, 0.15, 0, 0.203485, 0.175066
freqs:, 465, 0.1375, 0.1625, 0, 0.212867, 0.18177
freqs:, 466, 0.1375, 0.175, 0, 0.222556, 0.188593
freqs:, 467, 0.1375, 0.1875, 0, 0.232513, 0.195505
freqs:, 468, 0.1375, 0.2, 0, 0.242706, 0.202484
freqs:, 469, 0.1375, 0.2125, 0, 0.253106, 0.20951
freqs:, 470, 0.1375, 0.225, 0, 0.263688, 0.216566
freqs:, 471, 0.1375, 0.2375, 0, 0.274431, 0.223638
freqs:, 472, 0.1375, 0.25, 0, 0.285318, 0.230714
freqs:, 473, 0.1375, 0.2625, 0, 0.296332, 0.237783
freqs:, 474, 0.1375, 0.275, 0, 0.307459, 0.244836
freqs:, 475, 0.1375, 0.2875, 0, 0.318689, 0.251864
freqs:, 476, 0.1375, 0.3, 0, 0.330009, 0.258858
freqs:, 477, 0.1375, 0.3125, 0, 0.341413, 0.265808
freqs:, 478, 0.1375, 0.325, 0, 0.35289, 0.272705
freqs:, 479, 0.1375, 0.3375, 0, 0.364434, 0.279538
freqs:, 480, 0.1375, 0.35, 0, 0.37604, 0.286294
freqs:, 481, 0.1375, 0.3625, 0, 0.387702, 0.292958
freqs:, 482, 0.1375, 0.375, 0, 0.399414, 0.299509
freqs:, 483, 0.1375, 0.3875, 0, 0.411172, 0.305923
freqs:, 484, 0.1375, 0.4, 0, 0.422973, 0.312164
freqs:, 485, 0.1375, 0.4125, 0, 0.434813, 0.318186
freqs:, 486, 0.1375, 0.425, 0, 0.446689, 0.323923
freqs:, 487, 0.1375, 0.4375, 0, 0.458598, 0.329285
freqs:, 488, 0.1375, 0.45, 0, 0.470538, 0.334141
freqs:, 489, 0.1375, 0.4625, 0, 0.482506, 0.338317
freqs:, 490, 0.1375, 0.475, 0, 0.494501, 0.341586
freqs:, 491, 0.1375, 0.4875, 0, 0.50652, 0.343693
freqs:, 492, 0.1375, 0.5, 0, 0.518562, 0.344425
freqs:, 493, 0.15, 0, 0, 0.15, 0.134519
freqs:, 494, 0.15, 0.0125, 0, 0.15052, 0.134935
freqs:, 495, 0.15, 0.025, 0, 0.152069, 0.136172
freqs:, 496, 0.15, 0.0375, 0, 0.154616, 0.138196
freqs:, 497, 0.15, 0.05, 0, 0.158114, 0.140957
freqs:, 498, 0.15, 0.0625, 0, 0.1625, 0.144391
freqs:, 499, 0.15, 0.075, 0, 0.167705, 0.148424
freqs:, 500, 0.15, 0.0875, 0, 0.173656, 0.152982
freqs:, 501, 0.15, 0.1, 0, 0.180278, 0.15799
freqs:, 502, 0.15, 0.1125, 0, 0.1875, 0.163381
freqs:, 503, 0.15, 0.125, 0, 0.195256, 0.169091
freqs:, 504, 0.15, 0.1375, 0, 0.203485, 0.175066
freqs:, 505, 0.15, 0.15, 0, 0.212132, 0.181258
freqs:, 506, 0.15, 0.1625, 0, 0.221148, 0.187627
freqs:, 507, 0.15, 0.175, 0, 0.230489, 0.194138
freqs:, 508, 0.15, 0.1875, 0, 0.240117, 0.200763
freqs:, 509, 0.15, 0.2, 0, 0.25, 0.207476
freqs:, 510, 0.15, 0.2125, 0, 0.260108, 0.214257
freqs:, 511, 0.15, 0.225, 0, 0.270416, 0.221087
freqs:, 512, 0.15, 0.2375, 0, 0.280903, 0.227951
freqs:, 513, 0.15, 0.25, 0, 0.291548, 0.234836
freqs:, 514, 0.15, 0.2625, 0, 0.302335, 0.241729
freqs:, 515, 0.15, 0.275, 0, 0.313249, 0.24862
freqs:, 516, 0.15, 0.2875, 0, 0.324278, 0.255498
freqs:, 517, 0.15, 0.3, 0, 0.33541, 0.262353
freqs:, 518, 0.15, 0.3125, 0, 0.346636, 0.269176
freqs:, 519, 0.15, 0.325, 0, 0.357946, 0.275956
freqs:, 520, 0.15, 0.3375, 0, 0.369332, 0.282681
freqs:, 521, 0.15, 0.35, 0, 0.380789, 0.289339
freqs:, 522, 0.15, 0.3625, 0, 0.392309, 0.295912
freqs:, 523, 0.15, 0.375, 0, 0.403887, 0.302382
freqs:, 524, 0.15, 0.3875, 0, 0.415519, 0.308722
freqs:, 525, 0.15, 0.4, 0, 0.4272, 0.314899
freqs:, 526, 0.15, 0.4125, 0, 0.438926, 0.320864
freqs:, 527, 0.15, 0.425, 0, 0.450694, 0.326555
freqs:, 528, 0.15, 0.4375, 0, 0.4625, 0.331879
freqs:, 529, 0.15, 0.45, 0, 0.474342, 0.336709
freqs:, 530, 0.15, 0.4625, 0, 0.486216, 0.340868
freqs:, 531, 0.15, 0.475, 0, 0.498121, 0.344129
freqs:, 532, 0.15, 0.4875, 0, 0.510055, 0.346236
freqs:, 533, 0.15, 0.5, 0, 0.522015, 0.346968
freqs:, 534, 0.1625, 0, 0, 0.1625, 0.144327
freqs:, 535, 0.1625, 0.0125, 0, 0.16298, 0.144701
freqs:, 536, 0.1625, 0.025, 0, 0.164412, 0.145815
freqs:, 537, 0.1625, 0.0375, 0, 0.166771, 0.147643
freqs:, 538, 0.1625, 0.05, 0, 0.170018, 0.150145
freqs:, 539, 0.1625, 0.0625, 0, 0.174105, 0.15327
freqs:, 540, 0.1625, 0.075, 0, 0.178973, 0.15696
freqs:, 541, 0.1625, 0.0875, 0, 0.18456, 0.161153
freqs:, 542, 0.1625, 0.1, 0, 0.190804, 0.165787
freqs:, 543, 0.1625, 0.1125, 0, 0.197642, 0.170804
freqs:, 544, 0.1625, 0.125, 0, 0.205015, 0.176148
freqs:, 545, 0.1625, 0.1375, 0, 0.212867, 0.18177
freqs:, 546, 0.1625, 0.15, 0, 0.221148, 0.187627
freqs:, 547, 0.1625, 0.1625, 0, 0.22981, 0.193679
freqs:, 548, 0.1625, 0.175, 0, 0.238812, 0.199893
freqs:, 549, 0.1625, 0.1875, 0, 0.248118, 0.20624
freqs:, 550, 0.1625, 0.2, 0, 0.257694, 0.212694
freqs:, 551, 0.1625, 0.2125, 0, 0.267512, 0.219234
freqs:, 552, 0.1625, 0.225, 0, 0.277545, 0.225841
freqs:, 553, 0.1625, 0.2375, 0, 0.287772, 0.232498
freqs:, 554, 0.1625, 0.25, 0, 0.298172, 0.239191
freqs:, 555, 0.1625, 0.2625, 0, 0.308727, 0.245906
freqs:, 556, 0.1625, 0.275, 0, 0.319423, 0.252632
freqs:, 557, 0.1625, 0.2875, 0, 0.330246, 0.259357
freqs:, 558, 0.1625, 0.3, 0, 0.341184, 0.266071
freqs:, 559, 0.1625, 0.3125, 0, 0.352225, 0.272764
freqs:, 560, 0.1625, 0.325, 0, 0.363361, 0.279423
freqs:, 561, 0.1625, 0.3375, 0, 0.374583, 0.286037
freqs:, 562, 0.1625, 0.35, 0, 0.385884, 0.292592
freqs:, 563, 0.1625, 0.3625, 0, 0.397256, 0.299072
freqs:, 564, 0.1625, 0.375, 0, 0.408695, 0.305456
freqs:, 565, 0.1625, 0.3875, 0, 0.420193, 0.31172
freqs:, 566, 0.1625, 0.4, 0, 0.431748, 0.317828
freqs:, 567, 0.1625, 0.4125, 0, 0.443354, 0.323735
freqs:, 568, 0.1625, 0.425, 0, 0.455007, 0.329377
freqs:, 569, 0.1625, 0.4375, 0, 0.466704, 0.334662
freqs:, 570, 0.1625, 0.45, 0, 0.478441, 0.339464
freqs:, 571, 0.1625, 0.4625, 0, 0.490217, 0.343607
freqs:, 572, 0.1625, 0.475, 0, 0.502027, 0.346861
freqs:, 573, 0.1625, 0.4875, 0, 0.51387, 0.348967
freqs:, 574, 0.1625, 0.5, 0, 0.525744, 0.349699
freqs:, 575, 0.175, 0, 0, 0.175, 0.153869
freqs:, 576, 0.175, 0.0125, 0, 0.175446, 0.154209
freqs:, 577, 0.175, 0.025, 0, 0.176777, 0.15522
freqs:, 578, 0.175, 0.0375, 0, 0.178973, 0.156882
freqs:, 579, 0.175, 0.05, 0, 0.182003, 0.159165
freqs:, 580, 0.175, 0.0625, 0, 0.185826, 0.162027
freqs:, 581, 0.175, 0.075, 0, 0.190394, 0.16542
freqs:, 582, 0.175, 0.0875, 0, 0.195656, 0.169294
freqs:, 583, 0.175, 0.1, 0, 0.201556, 0.173598
freqs:, 584, 0.175, 0.1125, 0, 0.208041, 0.178281
freqs:, 585, 0.175, 0.125, 0, 0.215058, 0.183294
freqs:, 586, 0.175, 0.1375, 0, 0.222556, 0.188593
freqs:, 587, 0.175, 0.15, 0, 0.230489, 0.194138
freqs:, 588, 0.175, 0.1625, 0, 0.238812, 0.199893
freqs:, 589, 0.175, 0.175, 0, 0.247487, 0.205825
freqs:, 590, 0.175, 0.1875, 0, 0.256479, 0.211905
freqs:, 591, 0.175, 0.2, 0, 0.265754, 0.218109
freqs:, 592, 0.175, 0.2125, 0, 0.275284, 0.224415
freqs:, 593, 0.175, 0.225, 0, 0.285044, 0.230803
freqs:, 594, 0.175, 0.2375, 0, 0.295011, 0.237255
freqs:, 595, 0.175, 0.25, 0, 0.305164, 0.243757
freqs:, 596, 0.175, 0.2625, 0, 0.315486, 0.250294
freqs:, 597, 0.175, 0.275, 0, 0.32596, 0.256854
freqs:, 598, 0.175, 0.2875, 0, 0.336573, 0.263425
freqs:, 599, 0.175, 0.3, 0, 0.347311, 0.269996
freqs:, 600, 0.175, 0.3125, 0, 0.358164, 0.276555
freqs:, 601, 0.175, 0.325, 0, 0.369121, 0.283091
freqs:, 602, 0.175, 0.3375, 0, 0.380173, 0.289591
freqs:, 603, 0.175, 0.35, 0, 0.391312, 0.296041
freqs:, 604, 0.175, 0.3625, 0, 0.402531, 0.302425
freqs:, 605, 0.175, 0.375, 0, 0.413824, 0.308722
freqs:, 606, 0.175, 0.3875, 0, 0.425184, 0.314906
freqs:, 607, 0.175, 0.4, 0, 0.436606, 0.320944
freqs:, 608, 0.175, 0.4125, 0, 0.448086, 0.32679
freqs:, 609, 0.175, 0.425, 0, 0.459619, 0.332381
freqs:, 610, 0.175, 0.4375, 0, 0.471202, 0.337626
freqs:, 611, 0.175, 0.45, 0, 0.48283, 0.3424
freqs:, 612, 0.175, 0.4625, 0, 0.494501, 0.346526
freqs:, 613, 0.175, 0.475, 0, 0.506211, 0.349774
freqs:, 614, 0.175, 0.4875, 0, 0.517959, 0.351878
freqs:, 615, 0.175, 0.5, 0, 0.529741, 0.352611
freqs:, 616, 0.1875, 0, 0, 0.1875, 0.163171
freqs:, 617, 0.1875, 0.0125, 0, 0.187916, 0.163481
freqs:, 618, 0.1875, 0.025, 0, 0.189159, 0.164405
freqs:, 619, 0.1875, 0.0375, 0, 0.191213, 0.165927
freqs:, 620, 0.1875, 0.05, 0, 0.194052, 0.168023
freqs:, 621, 0.1875, 0.0625, 0, 0.197642, 0.170659
freqs:, 622, 0.1875, 0.075, 0, 0.201944, 0.173796
freqs:, 623, 0.1875, 0.0875, 0, 0.206912, 0.177392
freqs:, 624, 0.1875, 0.1, 0, 0.2125, 0.181404
freqs:, 625, 0.1875, 0.1125, 0, 0.218661, 0.185788
freqs:, 626, 0.1875, 0.125, 0, 0.225347, 0.190501
freqs:, 627, 0.1875, 0.1375, 0, 0.232513, 0.195505
freqs:, 628, 0.1875, 0.15, 0, 0.240117, 0.200763
freqs:, 629, 0.1875, 0.1625, 0, 0.248118, 0.20624
freqs:, 630, 0.1875, 0.175, 0, 0.256479, 0.211905
freqs:, 631, 0.1875, 0.1875, 0, 0.265165, 0.217732
freqs:, 632, 0.1875, 0.2, 0, 0.274146, 0.223696
freqs:, 633, 0.1875, 0.2125, 0, 0.283395, 0.229775
freqs:, 634, 0.1875, 0.225, 0, 0.292884, 0.235949
freqs:, 635, 0.1875, 0.2375, 0, 0.302593, 0.2422
freqs:, 636, 0.1875, 0.25, 0, 0.3125, 0.248513
freqs:, 637, 0.1875, 0.2625, 0, 0.322587, 0.254874
freqs:, 638, 0.1875, 0.275, 0, 0.332838, 0.261269
freqs:, 639, 0.1875, 0.2875, 0, 0.343238, 0.267686
freqs:, 640, 0.1875, 0.3, 0, 0.353774, 0.274113
freqs:, 641, 0.1875, 0.3125, 0, 0.364434, 0.280538
freqs:, 642, 0.1875, 0.325, 0, 0.375208, 0.286949
freqs:, 643, 0.1875, 0.3375, 0, 0.386086, 0.293333
freqs:, 644, 0.1875, 0.35, 0, 0.39706, 0.299676
freqs:, 645, 0.1875, 0.3625, 0, 0.408121, 0.305961
freqs:, 646, 0.1875, 0.375, 0, 0.419263, 0.312168
freqs:, 647, 0.1875, 0.3875, 0, 0.430479, 0.318271
freqs:, 648, 0.1875, 0.4, 0, 0.441765, 0.324237
freqs:, 649, 0.1875, 0.4125, 0, 0.453114, 0.33002
freqs:, 650, 0.1875, 0.425, 0, 0.464523, 0.335558
freqs:, 651, 0.1875, 0.4375, 0, 0.475986, 0.340762
freqs:, 652, 0.1875, 0.45, 0, 0.4875, 0.345507
freqs:, 653, 0.1875, 0.4625, 0, 0.499062, 0.349617
freqs:, 654, 0.1875, 0.475, 0, 0.510667, 0.352858
freqs:, 655, 0.1875, 0.4875, 0, 0.522315, 0.354963
freqs:, 656, 0.1875, 0.5, 0, 0.534, 0.355697
freqs:, 657, 0.2, 0, 0, 0.2, 0.172255
freqs:, 658, 0.2, 0.0125, 0, 0.20039, 0.17254
freqs:, 659, 0.2, 0.025, 0, 0.201556, 0.17339
freqs:, 660, 0.2, 0.0375, 0, 0.203485, 0.174794
freqs:, 661, 0.2, 0.05, 0, 0.206155, 0.176729
freqs:, 662, 0.2, 0.0625, 0, 0.209538, 0.17917
freqs:, 663, 0.2, 0.075, 0, 0.2136, 0.182084
freqs:, 664, 0.2, 0.0875, 0, 0.218303, 0.185437
freqs:, 665, 0.2, 0.1, 0, 0.223607, 0.18919
freqs:, 666, 0.2, 0.1125, 0, 0.229469, 0.193307
freqs:, 667, 0.2, 0.125, 0, 0.23585, 0.19775
freqs:, 668, 0.2, 0.1375, 0, 0.242706, 0.202484
freqs:, 669, 0.2, 0.15, 0, 0.25, 0.207476
freqs:, 670, 0.2, 0.1625, 0, 0.257694, 0.212694
freqs:, 671, 0.2, 0.175, 0, 0.265754, 0.218109
freqs:, 672, 0.2, 0.1875, 0, 0.274146, 0.223696
freqs:, 673, 0.2, 0.2, 0, 0.282843, 0.22943
freqs:, 674, 0.2, 0.2125, 0, 0.291815, 0.235291
freqs:, 675, 0.2, 0.225, 0, 0.30104, 0.241257
freqs:, 676, 0.2, 0.2375, 0, 0.310494, 0.247313
freqs:, 677, 0.2, 0.25, 0, 0.320156, 0.253441
freqs:, 678, 0.2, 0.2625, 0, 0.330009, 0.259628
freqs:, 679, 0.2, 0.275, 0, 0.340037, 0.26586
freqs:, 680, 0.2, 0.2875, 0, 0.350223, 0.272123
freqs:, 681, 0.2, 0.3, 0, 0.360555, 0.278406
freqs:, 682, 0.2, 0.3125, 0, 0.371021, 0.284696
freqs:, 683, 0.2, 0.325, 0, 0.381608, 0.290982
freqs:, 684, 0.2, 0.3375, 0, 0.392309, 0.297249
freqs:, 685, 0.2, 0.35, 0, 0.403113, 0.303483
freqs:, 686, 0.2, 0.3625, 0, 0.414012, 0.309669
freqs:, 687, 0.2, 0.375, 0, 0.425, 0.315784
freqs:, 688, 0.2, 0.3875, 0, 0.436069, 0.321804
freqs:, 689, 0.2, 0.4, 0, 0.447214, 0.327696
freqs:, 690, 0.2, 0.4125, 0, 0.458428, 0.333415
freqs:, 691, 0.2, 0.425, 0, 0.469707, 0.3389
freqs:, 692, 0.2, 0.4375, 0, 0.481047, 0.344062
freqs:, 693, 0.2, 0.45, 0, 0.492443, 0.348778
freqs:, 694, 0.2, 0.4625, 0, 0.503891, 0.352871
freqs:, 695, 0.2, 0.475, 0, 0.515388, 0.356107
freqs:, 696, 0.2, 0.4875, 0, 0.526931, 0.358214
freqs:, 697, 0.2, 0.5, 0, 0.538516, 0.358949
freqs:, 698, 0.2125, 0, 0, 0.2125, 0.181144
freqs:, 699, 0.2125, 0.0125, 0, 0.212867, 0.181408
freqs:, 700, 0.2125, 0.025, 0, 0.213966, 0.182195
freqs:, 701, 0.2125, 0.0375, 0, 0.215783, 0.183496
freqs:, 702, 0.2125, 0.05, 0, 0.218303, 0.185294
freqs:, 703, 0.2125, 0.0625, 0, 0.221501, 0.187566
freqs:, 704, 0.2125, 0.075, 0, 0.225347, 0.190285
freqs:, 705, 0.2125, 0.0875, 0, 0.22981, 0.193422
freqs:, 706, 0.2125, 0.1, 0, 0.234854, 0.196946
freqs:, 707, 0.2125, 0.1125, 0, 0.240442, 0.200823
freqs:, 708, 0.2125, 0.125, 0, 0.246539, 0.205022
freqs:, 709, 0.2125, 0.1375, 0, 0.253106, 0.20951
freqs:, 710, 0.2125, 0.15, 0, 0.260108, 0.214257
freqs:, 711, 0.2125, 0.1625, 0, 0.267512, 0.219234
freqs:, 712, 0.2125, 0.175, 0, 0.275284, 0.224415
freqs:, 713, 0.2125, 0.1875, 0, 0.283395, 0.229775
freqs:, 714, 0.2125, 0.2, 0, 0.291815, 0.235291
freqs:, 715, 0.2125, 0.2125, 0, 0.30052, 0.240941
freqs:, 716, 0.2125, 0.225, 0, 0.309485, 0.246709
freqs:, 717, 0.2125, 0.2375, 0, 0.318689, 0.252574
freqs:, 718, 0.2125, 0.25, 0, 0.32811, 0.258523
freqs:, 719, 0.2125, 0.2625, 0, 0.337731, 0.264539
freqs:, 720, 0.2125, 0.275, 0, 0.347536, 0.270609
freqs:, 721, 0.2125, 0.2875, 0, 0.357509, 0.276721
freqs:, 722, 0.2125, 0.3, 0, 0.367636, 0.282861
freqs:, 723, 0.2125, 0.3125, 0, 0.377905, 0.289017
freqs:, 724, 0.2125, 0.325, 0, 0.388306, 0.295177
freqs:, 725, 0.2125, 0.3375, 0, 0.398826, 0.301327
freqs:, 726, 0.2125, 0.35, 0, 0.409458, 0.307453
freqs:, 727, 0.2125, 0.3625, 0, 0.420193, 0.313537
freqs:, 728, 0.2125, 0.375, 0, 0.431023, 0.31956
freqs:, 729, 0.2125, 0.3875, 0, 0.441942, 0.325496
freqs:, 730, 0.2125, 0.4, 0, 0.452942, 0.331313
freqs:, 731, 0.2125, 0.4125, 0, 0.464018, 0.336967
freqs:, 732, 0.2125, 0.425, 0, 0.475164, 0.342397
freqs:, 733, 0.2125, 0.4375, 0, 0.486377, 0.347517
freqs:, 734, 0.2125, 0.45, 0, 0.497651, 0.352203
freqs:, 735, 0.2125, 0.4625, 0, 0.508982, 0.35628
freqs:, 736, 0.2125, 0.475, 0, 0.520366, 0.359512
freqs:, 737, 0.2125, 0.4875, 0, 0.531801, 0.36162
freqs:, 738, 0.2125, 0.5, 0, 0.543283, 0.362358
freqs:, 739, 0.225, 0, 0, 0.225, 0.189857
freqs:, 740, 0.225, 0.0125, 0, 0.225347, 0.190103
freqs:, 741, 0.225, 0.025, 0, 0.226385, 0.190836
freqs:, 742, 0.225, 0.0375, 0, 0.228104, 0.192048
freqs:, 743, 0.225, 0.05, 0, 0.230489, 0.193726
freqs:, 744, 0.225, 0.0625, 0, 0.233519, 0.19585
freqs:, 745, 0.225, 0.075, 0, 0.237171, 0.198399
freqs:, 746, 0.225, 0.0875, 0, 0.241415, 0.201346
freqs:, 747, 0.225, 0.1, 0, 0.246221, 0.204664
freqs:, 748, 0.225, 0.1125, 0, 0.251558, 0.208326
freqs:, 749, 0.225, 0.125, 0, 0.257391, 0.212303
freqs:, 750, 0.225, 0.1375, 0, 0.263688, 0.216566
freqs:, 751, 0.225, 0.15, 0, 0.270416, 0.221087
freqs:, 752, 0.225, 0.1625, 0, 0.277545, 0.225841
freqs:, 753, 0.225, 0.175, 0, 0.285044, 0.230803
freqs:, 754, 0.225, 0.1875, 0, 0.292884, 0.235949
freqs:, 755, 0.225, 0.2, 0, 0.30104, 0.241257
freqs:, 756, 0.225, 0.2125, 0, 0.309485, 0.246709
freqs:, 757, 0.225, 0.225, 0, 0.318198, 0.252284
freqs:, 758, 0.225, 0.2375, 0, 0.327156, 0.257966
freqs:, 759, 0.225, 0.25, 0, 0.336341, 0.26374
freqs:, 760, 0.225, 0.2625, 0, 0.345733, 0.26959
freqs:, 761, 0.225, 0.275, 0, 0.355317, 0.275503
freqs:, 762, 0.225, 0.2875, 0, 0.365077, 0.281465
freqs:, 763, 0.225, 0.3, 0, 0.375, 0.287464
freqs:, 764, 0.225, 0.3125, 0, 0.385073, 0.293488
freqs:, 765, 0.225, 0.325, 0, 0.395285, 0.299523
freqs:, 766, 0.225, 0.3375, 0, 0.405625, 0.305556
freqs:, 767, 0.225, 0.35, 0, 0.416083, 0.311572
freqs:, 768, 0.225, 0.3625, 0, 0.426651, 0.317555
freqs:, 769, 0.225, 0.375, 0, 0.437321, 0.323484
freqs:, 770, 0.225, 0.3875, 0, 0.448086, 0.329336
freqs:, 771, 0.225, 0.4, 0, 0.458939, 0.335077
freqs:, 772, 0.225, 0.4125, 0, 0.469874, 0.340664
freqs:, 773, 0.225, 0.425, 0, 0.480885, 0.346039
freqs:, 774, 0.225, 0.4375, 0, 0.491967, 0.351116
freqs:, 775, 0.225, 0.45, 0, 0.503115, 0.355773
freqs:, 776, 0.225, 0.4625, 0, 0.514326, 0.359834
freqs:, 777, 0.225, 0.475, 0, 0.525595, 0.363063
freqs:, 778, 0.225, 0.4875, 0, 0.536918, 0.365175
freqs:, 779, 0.225, 0.5, 0, 0.548293, 0.365914
freqs:, 780, 0.2375, 0, 0, 0.2375, 0.198411
freqs:, 781, 0.2375, 0.0125, 0, 0.237829, 0.19864
freqs:, 782, 0.2375, 0.025, 0, 0.238812, 0.199326
freqs:, 783, 0.2375, 0.0375, 0, 0.240442, 0.200461
freqs:, 784, 0.2375, 0.05, 0, 0.242706, 0.202034
freqs:, 785, 0.2375, 0.0625, 0, 0.245586, 0.204028
freqs:, 786, 0.2375, 0.075, 0, 0.249061, 0.206425
freqs:, 787, 0.2375, 0.0875, 0, 0.253106, 0.209203
freqs:, 788, 0.2375, 0.1, 0, 0.257694, 0.212338
freqs:, 789, 0.2375, 0.1125, 0, 0.262797, 0.215806
freqs:, 790, 0.2375, 0.125, 0, 0.268386, 0.219581
freqs:, 791, 0.2375, 0.1375, 0, 0.274431, 0.223638
freqs:, 792, 0.2375, 0.15, 0, 0.280903, 0.227951
freqs:, 793, 0.2375, 0.1625, 0, 0.287772, 0.232498
freqs:, 794, 0.2375, 0.175, 0, 0.295011, 0.237255
freqs:, 795, 0.2375, 0.1875, 0, 0.302593, 0.2422
freqs:, 796, 0.2375, 0.2, 0, 0.310494, 0.247313
freqs:, 797, 0.2375, 0.2125, 0, 0.318689, 0.252574
freqs:, 798, 0.2375, 0.225, 0, 0.327156, 0.257966
freqs:, 799, 0.2375, 0.2375, 0, 0.335876, 0.263473
freqs:, 800, 0.2375, 0.25, 0, 0.344828, 0.269077
freqs:, 801, 0.2375, 0.2625, 0, 0.353995, 0.274766
freqs:, 802, 0.2375, 0.275, 0, 0.363361, 0.280525
freqs:, 803, 0.2375, 0.2875, 0, 0.372911, 0.286341
freqs:, 804, 0.2375, 0.3, 0, 0.382631, 0.292202
freqs:, 805, 0.2375, 0.3125, 0, 0.392508, 0.298094
freqs:, 806, 0.2375, 0.325, 0, 0.402531, 0.304005
freqs:, 807, 0.2375, 0.3375, 0, 0.412689, 0.309922
freqs:, 808, 0.2375, 0.35, 0, 0.422973, 0.31583
freqs:, 809, 0.2375, 0.3625, 0, 0.433373, 0.321711
freqs:, 810, 0.2375, 0.375, 0, 0.443882, 0.327547
freqs:, 811, 0.2375, 0.3875, 0, 0.454491, 0.333313
freqs:, 812, 0.2375, 0.4, 0, 0.465195, 0.338978
freqs:, 813, 0.2375, 0.4125, 0, 0.475986, 0.344499
freqs:, 814, 0.2375, 0.425, 0, 0.486859, 0.349818
freqs:, 815, 0.2375, 0.4375, 0, 0.497808, 0.354852
freqs:, 816, 0.2375, 0.45, 0, 0.508828, 0.359479
freqs:, 817, 0.2375, 0.4625, 0, 0.519916, 0.363525
freqs:, 818, 0.2375, 0.475, 0, 0.531066, 0.366751
freqs:, 819, 0.2375, 0.4875, 0, 0.542275, 0.368867
freqs:, 820, 0.2375, 0.5, 0, 0.55354, 0.36961
freqs:, 821, 0.25, 0, 0, 0.25, 0.206817
freqs:, 822, 0.25, 0.0125, 0, 0.250312, 0.207032
freqs:, 823, 0.25, 0.025, 0, 0.251247, 0.207676
freqs:, 824, 0.25, 0.0375, 0, 0.252797, 0.208744
freqs:, 825, 0.25, 0.05, 0, 0.254951, 0.210224
freqs:, 826, 0.25, 0.0625, 0, 0.257694, 0.212103
freqs:, 827, 0.25, 0.075, 0, 0.261008, 0.214365
freqs:, 828, 0.25, 0.0875, 0, 0.26487, 0.216992
freqs:, 829, 0.25, 0.1, 0, 0.269258, 0.219962
freqs:, 830, 0.25, 0.1125, 0, 0.274146, 0.223254
freqs:, 831, 0.25, 0.125, 0, 0.279508, 0.226845
freqs:, 832, 0.25, 0.1375, 0, 0.285318, 0.230714
freqs:, 833, 0.25, 0.15, 0, 0.291548, 0.234836
freqs:, 834, 0.25, 0.1625, 0, 0.298172, 0.239191
freqs:, 835, 0.25, 0.175, 0, 0.305164, 0.243757
freqs:, 836, 0.25, 0.1875, 0, 0.3125, 0.248513
freqs:, 837, 0.25, 0.2, 0, 0.320156, 0.253441
freqs:, 838, 0.25, 0.2125, 0, 0.32811, 0.258523
freqs:, 839, 0.25, 0.225, 0, 0.336341, 0.26374
freqs:, 840, 0.25, 0.2375, 0, 0.344828, 0.269077
freqs:, 841, 0.25, 0.25, 0, 0.353553, 0.274519
freqs:, 842, 0.25, 0.2625, 0, 0.3625, 0.280052
freqs:, 843, 0.25, 0.275, 0, 0.371652, 0.285662
freqs:, 844, 0.25, 0.2875, 0, 0.380994, 0.291336
freqs:, 845, 0.25, 0.3, 0, 0.390512, 0.29706
freqs:, 846, 0.25, 0.3125, 0, 0.400195, 0.302824
freqs:, 847, 0.25, 0.325, 0, 0.41003, 0.308613
freqs:, 848, 0.25, 0.3375, 0, 0.420007, 0.314415
freqs:, 849, 0.25, 0.35, 0, 0.430116, 0.320215
freqs:, 850, 0.25, 0.3625, 0, 0.440348, 0.325995
freqs:, 851, 0.25, 0.375, 0, 0.450694, 0.331738
freqs:, 852, 0.25, 0.3875, 0, 0.461147, 0.337419
freqs:, 853, 0.25, 0.4, 0, 0.471699, 0.343007
freqs:, 854, 0.25, 0.4125, 0, 0.482345, 0.348461
freqs:, 855, 0.25, 0.425, 0, 0.493077, 0.353723
freqs:, 856, 0.25, 0.4375, 0, 0.503891, 0.358713
freqs:, 857, 0.25, 0.45, 0, 0.514782, 0.36331
freqs:, 858, 0.25, 0.4625, 0, 0.525744, 0.367342
freqs:, 859, 0.25, 0.475, 0, 0.536773, 0.370566
freqs:, 860, 0.25, 0.4875, 0, 0.547865, 0.372688
freqs:, 861, 0.25, 0.5, 0, 0.559017, 0.373434
freqs:, 862, 0.2625, 0, 0, 0.2625, 0.215084
freqs:, 863, 0.2625, 0.0125, 0, 0.262797, 0.215287
freqs:, 864, 0.2625, 0.025, 0, 0.263688, 0.215894
freqs:, 865, 0.2625, 0.0375, 0, 0.265165, 0.216902
freqs:, 866, 0.2625, 0.05, 0, 0.267219, 0.218299
freqs:, 867, 0.2625, 0.0625, 0, 0.269838, 0.220076
freqs:, 868, 0.2625, 0.075, 0, 0.273004, 0.222218
freqs:, 869, 0.2625, 0.0875, 0, 0.276699, 0.224709
freqs:, 870, 0.2625, 0.1, 0, 0.280903, 0.22753
freqs:, 871, 0.2625, 0.1125, 0, 0.285591, 0.230663
freqs:, 872, 0.2625, 0.125, 0, 0.290743, 0.234088
freqs:, 873, 0.2625, 0.1375, 0, 0.296332, 0.237783
freqs:, 874, 0.2625, 0.15, 0, 0.302335, 0.241729
freqs:, 875, 0.2625, 0.1625, 0, 0.308727, 0.245906
freqs:, 876, 0.2625, 0.175, 0, 0.315486, 0.250294
freqs:, 877, 0.2625, 0.1875, 0, 0.322587, 0.254874
freqs:, 878, 0.2625, 0.2, 0, 0.330009, 0.259628
freqs:, 879, 0.2625, 0.2125, 0, 0.337731, 0.264539
freqs:, 880, 0.2625, 0.225, 0, 0.345733, 0.26959
freqs:, 881, 0.2625, 0.2375, 0, 0.353995, 0.274766
freqs:, 882, 0.2625, 0.25, 0, 0.3625, 0.280052
freqs:, 883, 0.2625, 0.2625, 0, 0.371231, 0.285435
freqs:, 884, 0.2625, 0.275, 0, 0.380173, 0.2909
freqs:, 885, 0.2625, 0.2875, 0, 0.38931, 0.296435
freqs:, 886, 0.2625, 0.3, 0, 0.39863, 0.302028
freqs:, 887, 0.2625, 0.3125, 0, 0.408121, 0.307665
freqs:, 888, 0.2625, 0.325, 0, 0.417769, 0.313335
freqs:, 889, 0.2625, 0.3375, 0, 0.427566, 0.319023
freqs:, 890, 0.2625, 0.35, 0, 0.4375, 0.324716
freqs:, 891, 0.2625, 0.3625, 0, 0.447563, 0.330396
freqs:, 892, 0.2625, 0.375, 0, 0.457746, 0.336046
freqs:, 893, 0.2625, 0.3875, 0, 0.468041, 0.341642
freqs:, 894, 0.2625, 0.4, 0, 0.478441, 0.347153
freqs:, 895, 0.2625, 0.4125, 0, 0.48894, 0.352539
freqs:, 896, 0.2625, 0.425, 0, 0.499531, 0.357745
freqs:, 897, 0.2625, 0.4375, 0, 0.510208, 0.362691
freqs:, 898, 0.2625, 0.45, 0, 0.520967, 0.367258
freqs:, 899, 0.2625, 0.4625, 0, 0.531801, 0.371275
freqs:, 900, 0.2625, 0.475, 0, 0.542707, 0.374499
freqs:, 901, 0.2625, 0.4875, 0, 0.553681, 0.376628
freqs:, 902, 0.2625, 0.5, 0, 0.564718, 0.377378
freqs:, 903, 0.275, 0, 0, 0.275, 0.223219
freqs:, 904, 0.275, 0.0125, 0, 0.275284, 0.223411
freqs:, 905, 0.275, 0.025, 0, 0.276134, 0.223986
freqs:, 906, 0.275, 0.0375, 0, 0.277545, 0.22494
freqs:, 907, 0.275, 0.05, 0, 0.279508, 0.226264
freqs:, 908, 0.275, 0.0625, 0, 0.282013, 0.22795
freqs:, 909, 0.275, 0.075, 0, 0.285044, 0.229984
freqs:, 910, 0.275, 0.0875, 0, 0.288585, 0.232352
freqs:, 911, 0.275, 0.1, 0, 0.292617, 0.235039
freqs:, 912, 0.275, 0.1125, 0, 0.297122, 0.238027
freqs:, 913, 0.275, 0.125, 0, 0.302076, 0.241299
freqs:, 914, 0.275, 0.1375, 0, 0.307459, 0.244836
freqs:, 915, 0.275, 0.15, 0, 0.313249, 0.24862
freqs:, 916, 0.275, 0.1625, 0, 0.319423, 0.252632
freqs:, 917, 0.275, 0.175, 0, 0.32596, 0.256854
freqs:, 918, 0.275, 0.1875, 0, 0.332838, 0.261269
freqs:, 919, 0.275, 0.2, 0, 0.340037, 0.26586
freqs:, 920, 0.275, 0.2125, 0, 0.347536, 0.270609
freqs:, 921, 0.275, 0.225, 0, 0.355317, 0.275503
freqs:, 922, 0.275, 0.2375, 0, 0.363361, 0.280525
freqs:, 923, 0.275, 0.25, 0, 0.371652, 0.285662
freqs:, 924, 0.275, 0.2625, 0, 0.380173, 0.2909
freqs:, 925, 0.275, 0.275, 0, 0.388909, 0.296226
freqs:, 926, 0.275, 0.2875, 0, 0.397846, 0.301627
freqs:, 927, 0.275, 0.3, 0, 0.406971, 0.307091
freqs:, 928, 0.275, 0.3125, 0, 0.416271, 0.312605
freqs:, 929, 0.275, 0.325, 0, 0.425735, 0.318157
freqs:, 930, 0.275, 0.3375, 0, 0.435352, 0.323734
freqs:, 931, 0.275, 0.35, 0, 0.445112, 0.329322
freqs:, 932, 0.275, 0.3625, 0, 0.455007, 0.334904
freqs:, 933, 0.275, 0.375, 0, 0.465027, 0.340461
freqs:, 934, 0.275, 0.3875, 0, 0.475164, 0.345972
freqs:, 935, 0.275, 0.4, 0, 0.485412, 0.351406
freqs:, 936, 0.275, 0.4125, 0, 0.495763, 0.356724
freqs:, 937, 0.275, 0.425, 0, 0.506211, 0.361873
freqs:, 938, 0.275, 0.4375, 0, 0.516751, 0.366774
freqs:, 939, 0.275, 0.45, 0, 0.527376, 0.371311
freqs:, 940, 0.275, 0.4625, 0, 0.538081, 0.375314
freqs:, 941, 0.275, 0.475, 0, 0.548862, 0.378539
freqs:, 942, 0.275, 0.4875, 0, 0.559715, 0.380675
freqs:, 943, 0.275, 0.5, 0, 0.570636, 0.38143
freqs:, 944, 0.2875, 0, 0, 0.2875, 0.231227
freqs:, 945, 0.2875, 0.0125, 0, 0.287772, 0.231409
freqs:, 946, 0.2875, 0.025, 0, 0.288585, 0.231955
freqs:, 947, 0.2875, 0.0375, 0, 0.289935, 0.232861
freqs:, 948, 0.2875, 0.05, 0, 0.291815, 0.23412
freqs:, 949, 0.2875, 0.0625, 0, 0.294215, 0.235723
freqs:, 950, 0.2875, 0.075, 0, 0.297122, 0.23766
freqs:, 951, 0.2875, 0.0875, 0, 0.30052, 0.239918
freqs:, 952, 0.2875, 0.1, 0, 0.304395, 0.242483
freqs:, 953, 0.2875, 0.1125, 0, 0.308727, 0.24534
freqs:, 954, 0.2875, 0.125, 0, 0.313498, 0.248473
freqs:, 955, 0.2875, 0.1375, 0, 0.318689, 0.251864
freqs:, 956, 0.2875, 0.15, 0, 0.324278, 0.255498
freqs:, 957, 0.2875, 0.1625, 0, 0.330246, 0.259357
freqs:, 958, 0.2875, 0.175, 0, 0.336573, 0.263425
freqs:, 959, 0.2875, 0.1875, 0, 0.343238, 0.267686
freqs:, 960, 0.2875, 0.2, 0, 0.350223, 0.272123
freqs:, 961, 0.2875, 0.2125, 0, 0.357509, 0.276721
freqs:, 962, 0.2875, 0.225, 0, 0.365077, 0.281465
freqs:, 963, 0.2875, 0.2375, 0, 0.372911, 0.286341
freqs:, 964, 0.2875, 0.25, 0, 0.380994, 0.291336
freqs:, 965, 0.2875, 0.2625, 0, 0.38931, 0.296435
freqs:, 966, 0.2875, 0.275, 0, 0.397846, 0.301627
freqs:, 967, 0.2875, 0.2875, 0, 0.406586, 0.306898
freqs:, 968, 0.2875, 0.3, 0, 0.415519, 0.312238
freqs:, 969, 0.2875, 0.3125, 0, 0.424632, 0.317633
freqs:, 970, 0.2875, 0.325, 0, 0.433914, 0.32307
freqs:, 971, 0.2875, 0.3375, 0, 0.443354, 0.328538
freqs:, 972, 0.2875, 0.35, 0, 0.452942, 0.334022
freqs:, 973, 0.2875, 0.3625, 0, 0.462669, 0.339506
freqs:, 974, 0.2875, 0.375, 0, 0.472526, 0.344972
freqs:, 975, 0.2875, 0.3875, 0, 0.482506, 0.350398
freqs:, 976, 0.2875, 0.4, 0, 0.492602, 0.355755
freqs:, 977, 0.2875, 0.4125, 0, 0.502805, 0.361006
freqs:, 978, 0.2875, 0.425, 0, 0.513109, 0.366097
freqs:, 979, 0.2875, 0.4375, 0, 0.52351, 0.370953
freqs:, 980, 0.2875, 0.45, 0, 0.534, 0.37546
freqs:, 981, 0.2875, 0.4625, 0, 0.544576, 0.379448
freqs:, 982, 0.2875, 0.475, 0, 0.555231, 0.382673
freqs:, 983, 0.2875, 0.4875, 0, 0.565962, 0.384818
freqs:, 984, 0.2875, 0.5, 0, 0.576764, 0.385578
freqs:, 985, 0.3, 0, 0, 0.3, 0.23911
freqs:, 986, 0.3, 0.0125, 0, 0.30026, 0.239284
freqs:, 987, 0.3, 0.025, 0, 0.30104, 0.239804
freqs:, 988, 0.3, 0.0375, 0, 0.302335, 0.240666
freqs:, 989, 0.3, 0.05, 0, 0.304138, 0.241866
freqs:, 990, 0.3, 0.0625, 0, 0.306441, 0.243396
freqs:, 991, 0.3, 0.075, 0, 0.309233, 0.245245
freqs:, 992, 0.3, 0.0875, 0, 0.3125, 0.247403
freqs:, 993, 0.3, 0.1, 0, 0.316228, 0.249858
freqs:, 994, 0.3, 0.1125, 0, 0.3204, 0.252595
freqs:, 995, 0.3, 0.125, 0, 0.325, 0.255599
freqs:, 996, 0.3, 0.1375, 0, 0.330009, 0.258858
freqs:, 997, 0.3, 0.15, 0, 0.33541, 0.262353
freqs:, 998, 0.3, 0.1625, 0, 0.341184, 0.266071
freqs:, 999, 0.3, 0.175, 0, 0.347311, 0.269996
freqs:, 1000, 0.3, 0.1875, 0, 0.353774, 0.274113
freqs:, 1001, 0.3, 0.2, 0, 0.360555, 0.278406
freqs:, 1002, 0.3, 0.2125, 0, 0.367636, 0.282861
freqs:, 1003, 0.3, 0.225, 0, 0.375, 0.287464
freqs:, 1004, 0.3, 0.2375, 0, 0.382631, 0.292202
freqs:, 1005, 0.3, 0.25, 0, 0.390512, 0.29706
freqs:, 1006, 0.3, 0.2625, 0, 0.39863, 0.302028
freqs:, 1007, 0.3, 0.275, 0, 0.406971, 0.307091
freqs:, 1008, 0.3, 0.2875, 0, 0.415519, 0.312238
freqs:, 1009, 0.3, 0.3, 0, 0.424264, 0.317457
freqs:, 1010, 0.3, 0.3125, 0, 0.433193, 0.322735
freqs:, 1011, 0.3, 0.325, 0, 0.442295, 0.328062
freqs:, 1012, 0.3, 0.3375, 0, 0.45156, 0.333423
freqs:, 1013, 0.3, 0.35, 0, 0.460977, 0.338805
freqs:, 1014, 0.3, 0.3625, 0, 0.470538, 0.344193
freqs:, 1015, 0.3, 0.375, 0, 0.480234, 0.349569
freqs:, 1016, 0.3, 0.3875, 0, 0.490057, 0.354911
freqs:, 1017, 0.3, 0.4, 0, 0.5, 0.360191
freqs:, 1018, 0.3, 0.4125, 0, 0.510055, 0.365374
freqs:, 1019, 0.3, 0.425, 0, 0.520216, 0.370406
freqs:, 1020, 0.3, 0.4375, 0, 0.530477, 0.375216
freqs:, 1021, 0.3, 0.45, 0, 0.540833, 0.379692
freqs:, 1022, 0.3, 0.4625, 0, 0.551277, 0.383665
freqs:, 1023, 0.3, 0.475, 0, 0.561805, 0.386891
freqs:, 1024, 0.3, 0.4875, 0, 0.572413, 0.389046
freqs:, 1025, 0.3, 0.5, 0, 0.583095, 0.389811
freqs:, 1026, 0.3125, 0, 0, 0.3125, 0.246869
freqs:, 1027, 0.3125, 0.0125, 0, 0.31275, 0.247034
freqs:, 1028, 0.3125, 0.025, 0, 0.313498, 0.247531
freqs:, 1029, 0.3125, 0.0375, 0, 0.314742, 0.248355
freqs:, 1030, 0.3125, 0.05, 0, 0.316475, 0.249502
freqs:, 1031, 0.3125, 0.0625, 0, 0.318689, 0.250965
freqs:, 1032, 0.3125, 0.075, 0, 0.321374, 0.252735
freqs:, 1033, 0.3125, 0.0875, 0, 0.324519, 0.254803
freqs:, 1034, 0.3125, 0.1, 0, 0.32811, 0.257156
freqs:, 1035, 0.3125, 0.1125, 0, 0.332133, 0.259784
freqs:, 1036, 0.3125, 0.125, 0, 0.336573, 0.262672
freqs:, 1037, 0.3125, 0.1375, 0, 0.341413, 0.265808
freqs:, 1038, 0.3125, 0.15, 0, 0.346636, 0.269176
freqs:, 1039, 0.3125, 0.1625, 0, 0.352225, 0.272764
freqs:, 1040, 0.3125, 0.175, 0, 0.358164, 0.276555
freqs:, 1041, 0.3125, 0.1875, 0, 0.364434, 0.280538
freqs:, 1042, 0.3125, 0.2, 0, 0.371021, 0.284696
freqs:, 1043, 0.3125, 0.2125, 0, 0.377905, 0.289017
freqs:, 1044, 0.3125, 0.225, 0, 0.385073, 0.293488
freqs:, 1045, 0.3125, 0.2375, 0, 0.392508, 0.298094
freqs:, 1046, 0.3125, 0.25, 0, 0.400195, 0.302824
freqs:, 1047, 0.3125, 0.2625, 0, 0.408121, 0.307665
freqs:, 1048, 0.3125, 0.275, 0, 0.416271, 0.312605
freqs:, 1049, 0.3125, 0.2875, 0, 0.424632, 0.317633
freqs:, 1050, 0.3125, 0.3, 0, 0.433193, 0.322735
freqs:, 1051, 0.3125, 0.3125, 0, 0.441942, 0.327902
freqs:, 1052, 0.3125, 0.325, 0, 0.450867, 0.33312
freqs:, 1053, 0.3125, 0.3375, 0, 0.459959, 0.338378
freqs:, 1054, 0.3125, 0.35, 0, 0.469208, 0.343661
freqs:, 1055, 0.3125, 0.3625, 0, 0.478605, 0.348954
freqs:, 1056, 0.3125, 0.375, 0, 0.488141, 0.354241
freqs:, 1057, 0.3125, 0.3875, 0, 0.497808, 0.359499
freqs:, 1058, 0.3125, 0.4, 0, 0.507599, 0.364703
freqs:, 1059, 0.3125, 0.4125, 0, 0.517506, 0.369816
freqs:, 1060, 0.3125, 0.425, 0, 0.527524, 0.37479
freqs:, 1061, 0.3125, 0.4375, 0, 0.537645, 0.379552
freqs:, 1062, 0.3125, 0.45, 0, 0.547865, 0.383995
freqs:, 1063, 0.3125, 0.4625, 0, 0.558178, 0.387953
freqs:, 1064, 0.3125, 0.475, 0, 0.568578, 0.391179
freqs:, 1065, 0.3125, 0.4875, 0, 0.579062, 0.393343
freqs:, 1066, 0.3125, 0.5, 0, 0.589624, 0.394114
freqs:, 1067, 0.325, 0, 0, 0.325, 0.254501
freqs:, 1068, 0.325, 0.0125, 0, 0.32524, 0.25466
freqs:, 1069, 0.325, 0.025, 0, 0.32596, 0.255135
freqs:, 1070, 0.325, 0.0375, 0, 0.327156, 0.255925
freqs:, 1071, 0.325, 0.05, 0, 0.328824, 0.257024
freqs:, 1072, 0.325, 0.0625, 0, 0.330955, 0.258427
freqs:, 1073, 0.325, 0.075, 0, 0.333542, 0.260125
freqs:, 1074, 0.325, 0.0875, 0, 0.336573, 0.26211
freqs:, 1075, 0.325, 0.1, 0, 0.340037, 0.264372
freqs:, 1076, 0.325, 0.1125, 0, 0.34392, 0.2669
freqs:, 1077, 0.325, 0.125, 0, 0.34821, 0.269682
freqs:, 1078, 0.325, 0.1375, 0, 0.35289, 0.272705
freqs:, 1079, 0.325, 0.15, 0, 0.357946, 0.275956
freqs:, 1080, 0.325, 0.1625, 0, 0.363361, 0.279423
freqs:, 1081, 0.325, 0.175, 0, 0.369121, 0.283091
freqs:, 1082, 0.325, 0.1875, 0, 0.375208, 0.286949
freqs:, 1083, 0.325, 0.2, 0, 0.381608, 0.290982
freqs:, 1084, 0.325, 0.2125, 0, 0.388306, 0.295177
freqs:, 1085, 0.325, 0.225, 0, 0.395285, 0.299523
freqs:, 1086, 0.325, 0.2375, 0, 0.402531, 0.304005
freqs:, 1087, 0.325, 0.25, 0, 0.41003, 0.308613
freqs:, 1088, 0.325, 0.2625, 0, 0.417769, 0.313335
freqs:, 1089, 0.325, 0.275, 0, 0.425735, 0.318157
freqs:, 1090, 0.325, 0.2875, 0, 0.433914, 0.32307
freqs:, 1091, 0.325, 0.3, 0, 0.442295, 0.328062
freqs:, 1092, 0.325, 0.3125, 0, 0.450867, 0.33312
freqs:, 1093, 0.325, 0.325, 0, 0.459619, 0.338234
freqs:, 1094, 0.325, 0.3375, 0, 0.468542, 0.34339
freqs:, 1095, 0.325, 0.35, 0, 0.477624, 0.348576
freqs:, 1096, 0.325, 0.3625, 0, 0.486859, 0.353777
freqs:, 1097, 0.325, 0.375, 0, 0.496236, 0.358976
freqs:, 1098, 0.325, 0.3875, 0, 0.505748, 0.364151
freqs:, 1099, 0.325, 0.4, 0, 0.515388, 0.369278
freqs:, 1100, 0.325, 0.4125, 0, 0.525149, 0.374323
freqs:, 1101, 0.325, 0.425, 0, 0.535023, 0.379236
freqs:, 1102, 0.325, 0.4375, 0, 0.545006, 0.38395
freqs:, 1103, 0.325, 0.45, 0, 0.55509, 0.388358
freqs:, 1104, 0.325, 0.4625, 0, 0.565271, 0.392298
freqs:, 1105, 0.325, 0.475, 0, 0.575543, 0.395522
freqs:, 1106, 0.325, 0.4875, 0, 0.585902, 0.397696
freqs:, 1107, 0.325, 0.5, 0, 0.596343, 0.398473
freqs:, 1108, 0.3375, 0, 0, 0.3375, 0.262003
freqs:, 1109, 0.3375, 0.0125, 0, 0.337731, 0.262155
freqs:, 1110, 0.3375, 0.025, 0, 0.338425, 0.262612
freqs:, 1111, 0.3375, 0.0375, 0, 0.339577, 0.26337
freqs:, 1112, 0.3375, 0.05, 0, 0.341184, 0.264426
freqs:, 1113, 0.3375, 0.0625, 0, 0.343238, 0.265774
freqs:, 1114, 0.3375, 0.075, 0, 0.345733, 0.267407
freqs:, 1115, 0.3375, 0.0875, 0, 0.348658, 0.269318
freqs:, 1116, 0.3375, 0.1, 0, 0.352003, 0.271497
freqs:, 1117, 0.3375, 0.1125, 0, 0.355756, 0.273934
freqs:, 1118, 0.3375, 0.125, 0, 0.359905, 0.276618
freqs:, 1119, 0.3375, 0.1375, 0, 0.364434, 0.279538
freqs:, 1120, 0.3375, 0.15, 0, 0.369332, 0.282681
freqs:, 1121, 0.3375, 0.1625, 0, 0.374583, 0.286037
freqs:, 1122, 0.3375, 0.175, 0, 0.380173, 0.289591
freqs:, 1123, 0.3375, 0.1875, 0, 0.386086, 0.293333
freqs:, 1124, 0.3375, 0.2, 0, 0.392309, 0.297249
freqs:, 1125, 0.3375, 0.2125, 0, 0.398826, 0.301327
freqs:, 1126, 0.3375, 0.225, 0, 0.405625, 0.305556
freqs:, 1127, 0.3375, 0.2375, 0, 0.412689, 0.309922
freqs:, 1128, 0.3375, 0.25, 0, 0.420007, 0.314415
freqs:, 1129, 0.3375, 0.2625, 0, 0.427566, 0.319023
freqs:, 1130, 0.3375, 0.275, 0, 0.435352, 0.323734
freqs:, 1131, 0.3375, 0.2875, 0, 0.443354, 0.328538
freqs:, 1132, 0.3375, 0.3, 0, 0.45156, 0.333423
freqs:, 1133, 0.3375, 0.3125, 0, 0.459959, 0.338378
freqs:, 1134, 0.3375, 0.325, 0, 0.468542, 0.34339
freqs:, 1135, 0.3375, 0.3375, 0, 0.477297, 0.348449
freqs:, 1136, 0.3375, 0.35, 0, 0.486216, 0.353541
freqs:, 1137, 0.3375, 0.3625, 0, 0.49529, 0.358651
freqs:, 1138, 0.3375, 0.375, 0, 0.504511, 0.363762
freqs:, 1139, 0.3375, 0.3875, 0, 0.51387, 0.368856
freqs:, 1140, 0.3375, 0.4, 0, 0.523361, 0.373907
freqs:, 1141, 0.3375, 0.4125, 0, 0.532975, 0.378881
freqs:, 1142, 0.3375, 0.425, 0, 0.542707, 0.383733
freqs:, 1143, 0.3375, 0.4375, 0, 0.552551, 0.388395
freqs:, 1144, 0.3375, 0.45, 0, 0.5625, 0.392766
freqs:, 1145, 0.3375, 0.4625, 0, 0.572549, 0.396685
freqs:, 1146, 0.3375, 0.475, 0, 0.582693, 0.399906
freqs:, 1147, 0.3375, 0.4875, 0, 0.592927, 0.402088
freqs:, 1148, 0.3375, 0.5, 0, 0.603246, 0.40287
freqs:, 1149, 0.35, 0, 0, 0.35, 0.269366
freqs:, 1150, 0.35, 0.0125, 0, 0.350223, 0.269513
freqs:, 1151, 0.35, 0.025, 0, 0.350892, 0.269952
freqs:, 1152, 0.35, 0.0375, 0, 0.352003, 0.270682
freqs:, 1153, 0.35, 0.05, 0, 0.353553, 0.271699
freqs:, 1154, 0.35, 0.0625, 0, 0.355537, 0.272998
freqs:, 1155, 0.35, 0.075, 0, 0.357946, 0.274573
freqs:, 1156, 0.35, 0.0875, 0, 0.360772, 0.276416
freqs:, 1157, 0.35, 0.1, 0, 0.364005, 0.278519
freqs:, 1158, 0.35, 0.1125, 0, 0.367636, 0.280873
freqs:, 1159, 0.35, 0.125, 0, 0.371652, 0.283468
freqs:, 1160, 0.35, 0.1375, 0, 0.37604, 0.286294
freqs:, 1161, 0.35, 0.15, 0, 0.380789, 0.289339
freqs:, 1162, 0.35, 0.1625, 0, 0.385884, 0.292592
freqs:, 1163, 0.35, 0.175, 0, 0.391312, 0.296041
freqs:, 1164, 0.35, 0.1875, 0, 0.39706, 0.299676
freqs:, 1165, 0.35, 0.2, 0, 0.403113, 0.303483
freqs:, 1166, 0.35, 0.2125, 0, 0.409458, 0.307453
freqs:, 1167, 0.35, 0.225, 0, 0.416083, 0.311572
freqs:, 1168, 0.35, 0.2375, 0, 0.422973, 0.31583
freqs:, 1169, 0.35, 0.25, 0, 0.430116, 0.320215
freqs:, 1170, 0.35, 0.2625, 0, 0.4375, 0.324716
freqs:, 1171, 0.35, 0.275, 0, 0.445112, 0.329322
freqs:, 1172, 0.35, 0.2875, 0, 0.452942, 0.334022
freqs:, 1173, 0.35, 0.3, 0, 0.460977, 0.338805
freqs:, 1174, 0.35, 0.3125, 0, 0.469208, 0.343661
freqs:, 1175, 0.35, 0.325, 0, 0.477624, 0.348576
freqs:, 1176, 0.35, 0.3375, 0, 0.486216, 0.353541
freqs:, 1177, 0.35, 0.35, 0, 0.494975, 0.35854
freqs:, 1178, 0.35, 0.3625, 0, 0.503891, 0.363562
freqs:, 1179, 0.35, 0.375, 0, 0.512957, 0.368588
freqs:, 1180, 0.35, 0.3875, 0, 0.522165, 0.373601
freqs:, 1181, 0.35, 0.4, 0, 0.531507, 0.378574
freqs:, 1182, 0.35, 0.4125, 0, 0.540977, 0.383478
freqs:, 1183, 0.35, 0.425, 0, 0.550568, 0.388266
freqs:, 1184, 0.35, 0.4375, 0, 0.560273, 0.392874
freqs:, 1185, 0.35, 0.45, 0, 0.570088, 0.397204
freqs:, 1186, 0.35, 0.4625, 0, 0.580005, 0.401098
freqs:, 1187, 0.35, 0.475, 0, 0.590021, 0.404312
freqs:, 1188, 0.35, 0.4875, 0, 0.60013, 0.406499
freqs:, 1189, 0.35, 0.5, 0, 0.610328, 0.407287
freqs:, 1190, 0.3625, 0, 0, 0.3625, 0.276579
freqs:, 1191, 0.3625, 0.0125, 0, 0.362715, 0.276721
freqs:, 1192, 0.3625, 0.025, 0, 0.363361, 0.277145
freqs:, 1193, 0.3625, 0.0375, 0, 0.364434, 0.27785
freqs:, 1194, 0.3625, 0.05, 0, 0.365932, 0.278831
freqs:, 1195, 0.3625, 0.0625, 0, 0.367848, 0.280086
freqs:, 1196, 0.3625, 0.075, 0, 0.370177, 0.281608
freqs:, 1197, 0.3625, 0.0875, 0, 0.372911, 0.28339
freqs:, 1198, 0.3625, 0.1, 0, 0.37604, 0.285424
freqs:, 1199, 0.3625, 0.1125, 0, 0.379556, 0.287704
freqs:, 1200, 0.3625, 0.125, 0, 0.383447, 0.290218
freqs:, 1201, 0.3625, 0.1375, 0, 0.387702, 0.292958
freqs:, 1202, 0.3625, 0.15, 0, 0.392309, 0.295912
freqs:, 1203, 0.3625, 0.1625, 0, 0.397256, 0.299072
freqs:, 1204, 0.3625, 0.175, 0, 0.402531, 0.302425
freqs:, 1205, 0.3625, 0.1875, 0, 0.408121, 0.305961
freqs:, 1206, 0.3625, 0.2, 0, 0.414012, 0.309669
freqs:, 1207, 0.3625, 0.2125, 0, 0.420193, 0.313537
freqs:, 1208, 0.3625, 0.225, 0, 0.426651, 0.317555
freqs:, 1209, 0.3625, 0.2375, 0, 0.433373, 0.321711
freqs:, 1210, 0.3625, 0.25, 0, 0.440348, 0.325995
freqs:, 1211, 0.3625, 0.2625, 0, 0.447563, 0.330396
freqs:, 1212, 0.3625, 0.275, 0, 0.455007, 0.334904
freqs:, 1213, 0.3625, 0.2875, 0, 0.462669, 0.339506
freqs:, 1214, 0.3625, 0.3, 0, 0.470538, 0.344193
freqs:, 1215, 0.3625, 0.3125, 0, 0.478605, 0.348954
freqs:, 1216, 0.3625, 0.325, 0, 0.486859, 0.353777
freqs:, 1217, 0.3625, 0.3375, 0, 0.49529, 0.358651
freqs:, 1218, 0.3625, 0.35, 0, 0.503891, 0.363562
freqs:, 1219, 0.3625, 0.3625, 0, 0.512652, 0.368497
freqs:, 1220, 0.3625, 0.375, 0, 0.521566, 0.37344
freqs:, 1221, 0.3625, 0.3875, 0, 0.530625, 0.378371
freqs:, 1222, 0.3625, 0.4, 0, 0.539821, 0.383268
freqs:, 1223, 0.3625, 0.4125, 0, 0.549147, 0.388099
freqs:, 1224, 0.3625, 0.425, 0, 0.558598, 0.392821
freqs:, 1225, 0.3625, 0.4375, 0, 0.568166, 0.397372
freqs:, 1226, 0.3625, 0.45, 0, 0.577846, 0.401655
freqs:, 1227, 0.3625, 0.4625, 0, 0.587633, 0.405518
freqs:, 1228, 0.3625, 0.475, 0, 0.597521, 0.40872
freqs:, 1229, 0.3625, 0.4875, 0, 0.607505, 0.410908
freqs:, 1230, 0.3625, 0.5, 0, 0.617581, 0.411699
freqs:, 1231, 0.375, 0, 0, 0.375, 0.283626
freqs:, 1232, 0.375, 0.0125, 0, 0.375208, 0.283763
freqs:, 1233, 0.375, 0.025, 0, 0.375832, 0.284173
freqs:, 1234, 0.375, 0.0375, 0, 0.37687, 0.284855
freqs:, 1235, 0.375, 0.05, 0, 0.378319, 0.285805
freqs:, 1236, 0.375, 0.0625, 0, 0.380173, 0.28702
freqs:, 1237, 0.375, 0.075, 0, 0.382426, 0.288494
freqs:, 1238, 0.375, 0.0875, 0, 0.385073, 0.290221
freqs:, 1239, 0.375, 0.1, 0, 0.388104, 0.292194
freqs:, 1240, 0.375, 0.1125, 0, 0.391511, 0.294406
freqs:, 1241, 0.375, 0.125, 0, 0.395285, 0.296847
freqs:, 1242, 0.375, 0.1375, 0, 0.399414, 0.299509
freqs:, 1243, 0.375, 0.15, 0, 0.403887, 0.302382
freqs:, 1244, 0.375, 0.1625, 0, 0.408695, 0.305456
freqs:, 1245, 0.375, 0.175, 0, 0.413824, 0.308722
freqs:, 1246, 0.375, 0.1875, 0, 0.419263, 0.312168
freqs:, 1247, 0.375, 0.2, 0, 0.425, 0.315784
freqs:, 1248, 0.375, 0.2125, 0, 0.431023, 0.31956
freqs:, 1249, 0.375, 0.225, 0, 0.437321, 0.323484
freqs:, 1250, 0.375, 0.2375, 0, 0.443882, 0.327547
freqs:, 1251, 0.375, 0.25, 0, 0.450694, 0.331738
freqs:, 1252, 0.375, 0.2625, 0, 0.457746, 0.336046
freqs:, 1253, 0.375, 0.275, 0, 0.465027, 0.340461
freqs:, 1254, 0.375, 0.2875, 0, 0.472526, 0.344972
freqs:, 1255, 0.375, 0.3, 0, 0.480234, 0.349569
freqs:, 1256, 0.375, 0.3125, 0, 0.488141, 0.354241
freqs:, 1257, 0.375, 0.325, 0, 0.496236, 0.358976
freqs:, 1258, 0.375, 0.3375, 0, 0.504511, 0.363762
freqs:, 1259, 0.375, 0.35, 0, 0.512957, 0.368588
freqs:, 1260, 0.375, 0.3625, 0, 0.521566, 0.37344
freqs:, 1261, 0.375, 0.375, 0, 0.53033, 0.378301
freqs:, 1262, 0.375, 0.3875, 0, 0.539241, 0.383152
freqs:, 1263, 0.375, 0.4, 0, 0.548293, 0.387972
freqs:, 1264, 0.375, 0.4125, 0, 0.557478, 0.392728
freqs:, 1265, 0.375, 0.425, 0, 0.566789, 0.397381
freqs:, 1266, 0.375, 0.4375, 0, 0.576222, 0.401869
freqs:, 1267, 0.375, 0.45, 0, 0.585769, 0.4061
freqs:, 1268, 0.375, 0.4625, 0, 0.595425, 0.409924
freqs:, 1269, 0.375, 0.475, 0, 0.605186, 0.413105
freqs:, 1270, 0.375, 0.4875, 0, 0.615046, 0.415288
freqs:, 1271, 0.375, 0.5, 0, 0.625, 0.41608
freqs:, 1272, 0.3875, 0, 0, 0.3875, 0.290481
freqs:, 1273, 0.3875, 0.0125, 0, 0.387702, 0.290614
freqs:, 1274, 0.3875, 0.025, 0, 0.388306, 0.291012
freqs:, 1275, 0.3875, 0.0375, 0, 0.38931, 0.291674
freqs:, 1276, 0.3875, 0.05, 0, 0.390712, 0.292596
freqs:, 1277, 0.3875, 0.0625, 0, 0.392508, 0.293776
freqs:, 1278, 0.3875, 0.075, 0, 0.394691, 0.295207
freqs:, 1279, 0.3875, 0.0875, 0, 0.397256, 0.296885
freqs:, 1280, 0.3875, 0.1, 0, 0.400195, 0.298804
freqs:, 1281, 0.3875, 0.1125, 0, 0.4035, 0.300955
freqs:, 1282, 0.3875, 0.125, 0, 0.407162, 0.30333
freqs:, 1283, 0.3875, 0.1375, 0, 0.411172, 0.305923
freqs:, 1284, 0.3875, 0.15, 0, 0.415519, 0.308722
freqs:, 1285, 0.3875, 0.1625, 0, 0.420193, 0.31172
freqs:, 1286, 0.3875, 0.175, 0, 0.425184, 0.314906
freqs:, 1287, 0.3875, 0.1875, 0, 0.430479, 0.318271
freqs:, 1288, 0.3875, 0.2, 0, 0.436069, 0.321804
freqs:, 1289, 0.3875, 0.2125, 0, 0.441942, 0.325496
freqs:, 1290, 0.3875, 0.225, 0, 0.448086, 0.329336
freqs:, 1291, 0.3875, 0.2375, 0, 0.454491, 0.333313
freqs:, 1292, 0.3875, 0.25, 0, 0.461147, 0.337419
freqs:, 1293, 0.3875, 0.2625, 0, 0.468041, 0.341642
freqs:, 1294, 0.3875, 0.275, 0, 0.475164, 0.345972
freqs:, 1295, 0.3875, 0.2875, 0, 0.482506, 0.350398
freqs:, 1296, 0.3875, 0.3, 0, 0.490057, 0.354911
freqs:, 1297, 0.3875, 0.3125, 0, 0.497808, 0.359499
freqs:, 1298, 0.3875, 0.325, 0, 0.505748, 0.364151
freqs:, 1299, 0.3875, 0.3375, 0, 0.51387, 0.368856
freqs:, 1300, 0.3875, 0.35, 0, 0.522165, 0.373601
freqs:, 1301, 0.3875, 0.3625, 0, 0.530625, 0.378371
freqs:, 1302, 0.3875, 0.375, 0, 0.539241, 0.383152
freqs:, 1303, 0.3875, 0.3875, 0, 0.548008, 0.387925
freqs:, 1304, 0.3875, 0.4, 0, 0.556917, 0.392666
freqs:, 1305, 0.3875, 0.4125, 0, 0.565962, 0.397347
freqs:, 1306, 0.3875, 0.425, 0, 0.575136, 0.401927
freqs:, 1307, 0.3875, 0.4375, 0, 0.584433, 0.406346
freqs:, 1308, 0.3875, 0.45, 0, 0.593849, 0.410516
freqs:, 1309, 0.3875, 0.4625, 0, 0.603376, 0.414291
freqs:, 1310, 0.3875, 0.475, 0, 0.61301, 0.417439
freqs:, 1311, 0.3875, 0.4875, 0, 0.622746, 0.419608
freqs:, 1312, 0.3875, 0.5, 0, 0.632579, 0.420396
freqs:, 1313, 0.4, 0, 0, 0.4, 0.297112
freqs:, 1314, 0.4, 0.0125, 0, 0.400195, 0.297241
freqs:, 1315, 0.4, 0.025, 0, 0.40078, 0.297628
freqs:, 1316, 0.4, 0.0375, 0, 0.401754, 0.298272
freqs:, 1317, 0.4, 0.05, 0, 0.403113, 0.29917
freqs:, 1318, 0.4, 0.0625, 0, 0.404853, 0.300318
freqs:, 1319, 0.4, 0.075, 0, 0.406971, 0.301713
freqs:, 1320, 0.4, 0.0875, 0, 0.409458, 0.303348
freqs:, 1321, 0.4, 0.1, 0, 0.412311, 0.305218
freqs:, 1322, 0.4, 0.1125, 0, 0.415519, 0.307315
freqs:, 1323, 0.4, 0.125, 0, 0.419076, 0.309633
freqs:, 1324, 0.4, 0.1375, 0, 0.422973, 0.312164
freqs:, 1325, 0.4, 0.15, 0, 0.4272, 0.314899
freqs:, 1326, 0.4, 0.1625, 0, 0.431748, 0.317828
freqs:, 1327, 0.4, 0.175, 0, 0.436606, 0.320944
freqs:, 1328, 0.4, 0.1875, 0, 0.441765, 0.324237
freqs:, 1329, 0.4, 0.2, 0, 0.447214, 0.327696
freqs:, 1330, 0.4, 0.2125, 0, 0.452942, 0.331313
freqs:, 1331, 0.4, 0.225, 0, 0.458939, 0.335077
freqs:, 1332, 0.4, 0.2375, 0, 0.465195, 0.338978
freqs:, 1333, 0.4, 0.25, 0, 0.471699, 0.343007
freqs:, 1334, 0.4, 0.2625, 0, 0.478441, 0.347153
freqs:, 1335, 0.4, 0.275, 0, 0.485412, 0.351406
freqs:, 1336, 0.4, 0.2875, 0, 0.492602, 0.355755
freqs:, 1337, 0.4, 0.3, 0, 0.5, 0.360191
freqs:, 1338, 0.4, 0.3125, 0, 0.507599, 0.364703
freqs:, 1339, 0.4, 0.325, 0, 0.515388, 0.369278
freqs:, 1340, 0.4, 0.3375, 0, 0.523361, 0.373907
freqs:, 1341, 0.4, 0.35, 0, 0.531507, 0.378574
freqs:, 1342, 0.4, 0.3625, 0, 0.539821, 0.383268
freqs:, 1343, 0.4, 0.375, 0, 0.548293, 0.387972
freqs:, 1344, 0.4, 0.3875, 0, 0.556917, 0.392666
freqs:, 1345, 0.4, 0.4, 0, 0.565685, 0.39733
freqs:, 1346, 0.4, 0.4125, 0, 0.574592, 0.401932
freqs:, 1347, 0.4, 0.425, 0, 0.583631, 0.406434
freqs:, 1348, 0.4, 0.4375, 0, 0.592795, 0.410777
freqs:, 1349, 0.4, 0.45, 0, 0.60208, 0.414875
freqs:, 1350, 0.4, 0.4625, 0, 0.611479, 0.418588
freqs:, 1351, 0.4, 0.475, 0, 0.620987, 0.421688
freqs:, 1352, 0.4, 0.4875, 0, 0.6306, 0.423827
freqs:, 1353, 0.4, 0.5, 0, 0.640312, 0.424607
freqs:, 1354, 0.4125, 0, 0, 0.4125, 0.30347
freqs:, 1355, 0.4125, 0.0125, 0, 0.412689, 0.303596
freqs:, 1356, 0.4125, 0.025, 0, 0.413257, 0.303974
freqs:, 1357, 0.4125, 0.0375, 0, 0.414201, 0.304602
freqs:, 1358, 0.4125, 0.05, 0, 0.415519, 0.305479
freqs:, 1359, 0.4125, 0.0625, 0, 0.417208, 0.306601
freqs:, 1360, 0.4125, 0.075, 0, 0.419263, 0.307963
freqs:, 1361, 0.4125, 0.0875, 0, 0.421678, 0.309561
freqs:, 1362, 0.4125, 0.1, 0, 0.424448, 0.311389
freqs:, 1363, 0.4125, 0.1125, 0, 0.427566, 0.31344
freqs:, 1364, 0.4125, 0.125, 0, 0.431023, 0.315709
freqs:, 1365, 0.4125, 0.1375, 0, 0.434813, 0.318186
freqs:, 1366, 0.4125, 0.15, 0, 0.438926, 0.320864
freqs:, 1367, 0.4125, 0.1625, 0, 0.443354, 0.323735
freqs:, 1368, 0.4125, 0.175, 0, 0.448086, 0.32679
freqs:, 1369, 0.4125, 0.1875, 0, 0.453114, 0.33002
freqs:, 1370, 0.4125, 0.2, 0, 0.458428, 0.333415
freqs:, 1371, 0.4125, 0.2125, 0, 0.464018, 0.336967
freqs:, 1372, 0.4125, 0.225, 0, 0.469874, 0.340664
freqs:, 1373, 0.4125, 0.2375, 0, 0.475986, 0.344499
freqs:, 1374, 0.4125, 0.25, 0, 0.482345, 0.348461
freqs:, 1375, 0.4125, 0.2625, 0, 0.48894, 0.352539
freqs:, 1376, 0.4125, 0.275, 0, 0.495763, 0.356724
freqs:, 1377, 0.4125, 0.2875, 0, 0.502805, 0.361006
freqs:, 1378, 0.4125, 0.3, 0, 0.510055, 0.365374
freqs:, 1379, 0.4125, 0.3125, 0, 0.517506, 0.369816
freqs:, 1380, 0.4125, 0.325, 0, 0.525149, 0.374323
freqs:, 1381, 0.4125, 0.3375, 0, 0.532975, 0.378881
freqs:, 1382, 0.4125, 0.35, 0, 0.540977, 0.383478
freqs:, 1383, 0.4125, 0.3625, 0, 0.549147, 0.388099
freqs:, 1384, 0.4125, 0.375, 0, 0.557478, 0.392728
freqs:, 1385, 0.4125, 0.3875, 0, 0.565962, 0.397347
freqs:, 1386, 0.4125, 0.4, 0, 0.574592, 0.401932
freqs:, 1387, 0.4125, 0.4125, 0, 0.583363, 0.406454
freqs:, 1388, 0.4125, 0.425, 0, 0.592268, 0.410872
freqs:, 1389, 0.4125, 0.4375, 0, 0.601301, 0.415131
freqs:, 1390, 0.4125, 0.45, 0, 0.610456, 0.419144
freqs:, 1391, 0.4125, 0.4625, 0, 0.619728, 0.422776
freqs:, 1392, 0.4125, 0.475, 0, 0.629111, 0.425807
freqs:, 1393, 0.4125, 0.4875, 0, 0.638602, 0.427899
freqs:, 1394, 0.4125, 0.5, 0, 0.648195, 0.428661
freqs:, 1395, 0.425, 0, 0, 0.425, 0.309488
freqs:, 1396, 0.425, 0.0125, 0, 0.425184, 0.309611
freqs:, 1397, 0.425, 0.025, 0, 0.425735, 0.309982
freqs:, 1398, 0.425, 0.0375, 0, 0.426651, 0.310598
freqs:, 1399, 0.425, 0.05, 0, 0.427931, 0.311457
freqs:, 1400, 0.425, 0.0625, 0, 0.429571, 0.312556
freqs:, 1401, 0.425, 0.075, 0, 0.431567, 0.313891
freqs:, 1402, 0.425, 0.0875, 0, 0.433914, 0.315458
freqs:, 1403, 0.425, 0.1, 0, 0.436606, 0.317251
freqs:, 1404, 0.425, 0.1125, 0, 0.439638, 0.319264
freqs:, 1405, 0.425, 0.125, 0, 0.443001, 0.321491
freqs:, 1406, 0.425, 0.1375, 0, 0.446689, 0.323923
freqs:, 1407, 0.425, 0.15, 0, 0.450694, 0.326555
freqs:, 1408, 0.425, 0.1625, 0, 0.455007, 0.329377
freqs:, 1409, 0.425, 0.175, 0, 0.459619, 0.332381
freqs:, 1410, 0.425, 0.1875, 0, 0.464523, 0.335558
freqs:, 1411, 0.425, 0.2, 0, 0.469707, 0.3389
freqs:, 1412, 0.425, 0.2125, 0, 0.475164, 0.342397
freqs:, 1413, 0.425, 0.225, 0, 0.480885, 0.346039
freqs:, 1414, 0.425, 0.2375, 0, 0.486859, 0.349818
freqs:, 1415, 0.425, 0.25, 0, 0.493077, 0.353723
freqs:, 1416, 0.425, 0.2625, 0, 0.499531, 0.357745
freqs:, 1417, 0.425, 0.275, 0, 0.506211, 0.361873
freqs:, 1418, 0.425, 0.2875, 0, 0.513109, 0.366097
freqs:, 1419, 0.425, 0.3, 0, 0.520216, 0.370406
freqs:, 1420, 0.425, 0.3125, 0, 0.527524, 0.37479
freqs:, 1421, 0.425, 0.325, 0, 0.535023, 0.379236
freqs:, 1422, 0.425, 0.3375, 0, 0.542707, 0.383733
freqs:, 1423, 0.425, 0.35, 0, 0.550568, 0.388266
freqs:, 1424, 0.425, 0.3625, 0, 0.558598, 0.392821
freqs:, 1425, 0.425, 0.375, 0, 0.566789, 0.397381
freqs:, 1426, 0.425, 0.3875, 0, 0.575136, 0.401927
freqs:, 1427, 0.425, 0.4, 0, 0.583631, 0.406434
freqs:, 1428, 0.425, 0.4125, 0, 0.592268, 0.410872
freqs:, 1429, 0.425, 0.425, 0, 0.601041, 0.415201
freqs:, 1430, 0.425, 0.4375, 0, 0.609944, 0.419364
freqs:, 1431, 0.425, 0.45, 0, 0.618971, 0.423276
freqs:, 1432, 0.425, 0.4625, 0, 0.628117, 0.426806
freqs:, 1433, 0.425, 0.475, 0, 0.637377, 0.429741
freqs:, 1434, 0.425, 0.4875, 0, 0.646747, 0.431761
freqs:, 1435, 0.425, 0.5, 0, 0.65622, 0.432495
freqs:, 1436, 0.4375, 0, 0, 0.4375, 0.315072
freqs:, 1437, 0.4375, 0.0125, 0, 0.437679, 0.315194
freqs:, 1438, 0.4375, 0.025, 0, 0.438214, 0.315558
freqs:, 1439, 0.4375, 0.0375, 0, 0.439104, 0.316164
freqs:, 1440, 0.4375, 0.05, 0, 0.440348, 0.317009
freqs:, 1441, 0.4375, 0.0625, 0, 0.441942, 0.31809
freqs:, 1442, 0.4375, 0.075, 0, 0.443882, 0.319404
freqs:, 1443, 0.4375, 0.0875, 0, 0.446164, 0.320946
freqs:, 1444, 0.4375, 0.1, 0, 0.448783, 0.322711
freqs:, 1445, 0.4375, 0.1125, 0, 0.451733, 0.324694
freqs:, 1446, 0.4375, 0.125, 0, 0.455007, 0.326887
freqs:, 1447, 0.4375, 0.1375, 0, 0.458598, 0.329285
freqs:, 1448, 0.4375, 0.15, 0, 0.4625, 0.331879
freqs:, 1449, 0.4375, 0.1625, 0, 0.466704, 0.334662
freqs:, 1450, 0.4375, 0.175, 0, 0.471202, 0.337626
freqs:, 1451, 0.4375, 0.1875, 0, 0.475986, 0.340762
freqs:, 1452, 0.4375, 0.2, 0, 0.481047, 0.344062
freqs:, 1453, 0.4375, 0.2125, 0, 0.486377, 0.347517
freqs:, 1454, 0.4375, 0.225, 0, 0.491967, 0.351116
freqs:, 1455, 0.4375, 0.2375, 0, 0.497808, 0.354852
freqs:, 1456, 0.4375, 0.25, 0, 0.503891, 0.358713
freqs:, 1457, 0.4375, 0.2625, 0, 0.510208, 0.362691
freqs:, 1458, 0.4375, 0.275, 0, 0.516751, 0.366774
freqs:, 1459, 0.4375, 0.2875, 0, 0.52351, 0.370953
freqs:, 1460, 0.4375, 0.3, 0, 0.530477, 0.375216
freqs:, 1461, 0.4375, 0.3125, 0, 0.537645, 0.379552
freqs:, 1462, 0.4375, 0.325, 0, 0.545006, 0.38395
freqs:, 1463, 0.4375, 0.3375, 0, 0.552551, 0.388395
freqs:, 1464, 0.4375, 0.35, 0, 0.560273, 0.392874
freqs:, 1465, 0.4375, 0.3625, 0, 0.568166, 0.397372
freqs:, 1466, 0.4375, 0.375, 0, 0.576222, 0.401869
freqs:, 1467, 0.4375, 0.3875, 0, 0.584433, 0.406346
freqs:, 1468, 0.4375, 0.4, 0, 0.592795, 0.410777
freqs:, 1469, 0.4375, 0.4125, 0, 0.601301, 0.415131
freqs:, 1470, 0.4375, 0.425, 0, 0.609944, 0.419364
freqs:, 1471, 0.4375, 0.4375, 0, 0.618718, 0.423419
freqs:, 1472, 0.4375, 0.45, 0, 0.62762, 0.427212
freqs:, 1473, 0.4375, 0.4625, 0, 0.636642, 0.430613
freqs:, 1474, 0.4375, 0.475, 0, 0.64578, 0.43342
freqs:, 1475, 0.4375, 0.4875, 0, 0.655029, 0.435337
freqs:, 1476, 0.4375, 0.5, 0, 0.664384, 0.43603
freqs:, 1477, 0.45, 0, 0, 0.45, 0.320093
freqs:, 1478, 0.45, 0.0125, 0, 0.450174, 0.320213
freqs:, 1479, 0.45, 0.025, 0, 0.450694, 0.320572
freqs:, 1480, 0.45, 0.0375, 0, 0.45156, 0.32117
freqs:, 1481, 0.45, 0.05, 0, 0.452769, 0.322005
freqs:, 1482, 0.45, 0.0625, 0, 0.45432, 0.323073
freqs:, 1483, 0.45, 0.075, 0, 0.456207, 0.324371
freqs:, 1484, 0.45, 0.0875, 0, 0.458428, 0.325895
freqs:, 1485, 0.45, 0.1, 0, 0.460977, 0.32764
freqs:, 1486, 0.45, 0.1125, 0, 0.463849, 0.3296
freqs:, 1487, 0.45, 0.125, 0, 0.467039, 0.331769
freqs:, 1488, 0.45, 0.1375, 0, 0.470538, 0.334141
freqs:, 1489, 0.45, 0.15, 0, 0.474342, 0.336709
freqs:, 1490, 0.45, 0.1625, 0, 0.478441, 0.339464
freqs:, 1491, 0.45, 0.175, 0, 0.48283, 0.3424
freqs:, 1492, 0.45, 0.1875, 0, 0.4875, 0.345507
freqs:, 1493, 0.45, 0.2, 0, 0.492443, 0.348778
freqs:, 1494, 0.45, 0.2125, 0, 0.497651, 0.352203
freqs:, 1495, 0.45, 0.225, 0, 0.503115, 0.355773
freqs:, 1496, 0.45, 0.2375, 0, 0.508828, 0.359479
freqs:, 1497, 0.45, 0.25, 0, 0.514782, 0.36331
freqs:, 1498, 0.45, 0.2625, 0, 0.520967, 0.367258
freqs:, 1499, 0.45, 0.275, 0, 0.527376, 0.371311
freqs:, 1500, 0.45, 0.2875, 0, 0.534, 0.37546
freqs:, 1501, 0.45, 0.3, 0, 0.540833, 0.379692
freqs:, 1502, 0.45, 0.3125, 0, 0.547865, 0.383995
freqs:, 1503, 0.45, 0.325, 0, 0.55509, 0.388358
freqs:, 1504, 0.45, 0.3375, 0, 0.5625, 0.392766
freqs:, 1505, 0.45, 0.35, 0, 0.570088, 0.397204
freqs:, 1506, 0.45, 0.3625, 0, 0.577846, 0.401655
freqs:, 1507, 0.45, 0.375, 0, 0.585769, 0.4061
freqs:, 1508, 0.45, 0.3875, 0, 0.593849, 0.410516
freqs:, 1509, 0.45, 0.4, 0, 0.60208, 0.414875
freqs:, 1510, 0.45, 0.4125, 0, 0.610456, 0.419144
freqs:, 1511, 0.45, 0.425, 0, 0.618971, 0.423276
freqs:, 1512, 0.45, 0.4375, 0, 0.62762, 0.427212
freqs:, 1513, 0.45, 0.45, 0, 0.636396, 0.430865
freqs:, 1514, 0.45, 0.4625, 0, 0.645295, 0.434107
freqs:, 1515, 0.45, 0.475, 0, 0.654313, 0.43675
freqs:, 1516, 0.45, 0.4875, 0, 0.663443, 0.438531
freqs:, 1517, 0.45, 0.5, 0, 0.672681, 0.439168
freqs:, 1518, 0.4625, 0, 0, 0.4625, 0.324374
freqs:, 1519, 0.4625, 0.0125, 0, 0.462669, 0.324493
freqs:, 1520, 0.4625, 0.025, 0, 0.463175, 0.324849
freqs:, 1521, 0.4625, 0.0375, 0, 0.464018, 0.325442
freqs:, 1522, 0.4625, 0.05, 0, 0.465195, 0.32627
freqs:, 1523, 0.4625, 0.0625, 0, 0.466704, 0.327329
freqs:, 1524, 0.4625, 0.075, 0, 0.468542, 0.328617
freqs:, 1525, 0.4625, 0.0875, 0, 0.470704, 0.330129
freqs:, 1526, 0.4625, 0.1, 0, 0.473187, 0.33186
freqs:, 1527, 0.4625, 0.1125, 0, 0.475986, 0.333806
freqs:, 1528, 0.4625, 0.125, 0, 0.479094, 0.335961
freqs:, 1529, 0.4625, 0.1375, 0, 0.482506, 0.338317
freqs:, 1530, 0.4625, 0.15, 0, 0.486216, 0.340868
freqs:, 1531, 0.4625, 0.1625, 0, 0.490217, 0.343607
freqs:, 1532, 0.4625, 0.175, 0, 0.494501, 0.346526
freqs:, 1533, 0.4625, 0.1875, 0, 0.499062, 0.349617
freqs:, 1534, 0.4625, 0.2, 0, 0.503891, 0.352871
freqs:, 1535, 0.4625, 0.2125, 0, 0.508982, 0.35628
freqs:, 1536, 0.4625, 0.225, 0, 0.514326, 0.359834
freqs:, 1537, 0.4625, 0.2375, 0, 0.519916, 0.363525
freqs:, 1538, 0.4625, 0.25, 0, 0.525744, 0.367342
freqs:, 1539, 0.4625, 0.2625, 0, 0.531801, 0.371275
freqs:, 1540, 0.4625, 0.275, 0, 0.538081, 0.375314
freqs:, 1541, 0.4625, 0.2875, 0, 0.544576, 0.379448
freqs:, 1542, 0.4625, 0.3, 0, 0.551277, 0.383665
freqs:, 1543, 0.4625, 0.3125, 0, 0.558178, 0.387953
freqs:, 1544, 0.4625, 0.325, 0, 0.565271, 0.392298
freqs:, 1545, 0.4625, 0.3375, 0, 0.572549, 0.396685
freqs:, 1546, 0.4625, 0.35, 0, 0.580005, 0.401098
freqs:, 1547, 0.4625, 0.3625, 0, 0.587633, 0.405518
freqs:, 1548, 0.4625, 0.375, 0, 0.595425, 0.409924
freqs:, 1549, 0.4625, 0.3875, 0, 0.603376, 0.414291
freqs:, 1550, 0.4625, 0.4, 0, 0.611479, 0.418588
freqs:, 1551, 0.4625, 0.4125, 0, 0.619728, 0.422776
freqs:, 1552, 0.4625, 0.425, 0, 0.628117, 0.426806
freqs:, 1553, 0.4625, 0.4375, 0, 0.636642, 0.430613
freqs:, 1554, 0.4625, 0.45, 0, 0.645295, 0.434107
freqs:, 1555, 0.4625, 0.4625, 0, 0.654074, 0.437164
freqs:, 1556, 0.4625, 0.475, 0, 0.662972, 0.439611
freqs:, 1557, 0.4625, 0.4875, 0, 0.671984, 0.441227
freqs:, 1558, 0.4625, 0.5, 0, 0.681107, 0.441799
freqs:, 1559, 0.475, 0, 0, 0.475, 0.327697
freqs:, 1560, 0.475, 0.0125, 0, 0.475164, 0.327815
freqs:, 1561, 0.475, 0.025, 0, 0.475657, 0.32817
freqs:, 1562, 0.475, 0.0375, 0, 0.476478, 0.32876
freqs:, 1563, 0.475, 0.05, 0, 0.477624, 0.329584
freqs:, 1564, 0.475, 0.0625, 0, 0.479094, 0.330638
freqs:, 1565, 0.475, 0.075, 0, 0.480885, 0.331921
freqs:, 1566, 0.475, 0.0875, 0, 0.482992, 0.333426
freqs:, 1567, 0.475, 0.1, 0, 0.485412, 0.335151
freqs:, 1568, 0.475, 0.1125, 0, 0.488141, 0.33709
freqs:, 1569, 0.475, 0.125, 0, 0.491172, 0.339237
freqs:, 1570, 0.475, 0.1375, 0, 0.494501, 0.341586
freqs:, 1571, 0.475, 0.15, 0, 0.498121, 0.344129
freqs:, 1572, 0.475, 0.1625, 0, 0.502027, 0.346861
freqs:, 1573, 0.475, 0.175, 0, 0.506211, 0.349774
freqs:, 1574, 0.475, 0.1875, 0, 0.510667, 0.352858
freqs:, 1575, 0.475, 0.2, 0, 0.515388, 0.356107
freqs:, 1576, 0.475, 0.2125, 0, 0.520366, 0.359512
freqs:, 1577, 0.475, 0.225, 0, 0.525595, 0.363063
freqs:, 1578, 0.475, 0.2375, 0, 0.531066, 0.366751
freqs:, 1579, 0.475, 0.25, 0, 0.536773, 0.370566
freqs:, 1580, 0.475, 0.2625, 0, 0.542707, 0.374499
freqs:, 1581, 0.475, 0.275, 0, 0.548862, 0.378539
freqs:, 1582, 0.475, 0.2875, 0, 0.555231, 0.382673
freqs:, 1583, 0.475, 0.3, 0, 0.561805, 0.386891
freqs:, 1584, 0.475, 0.3125, 0, 0.568578, 0.391179
freqs:, 1585, 0.475, 0.325, 0, 0.575543, 0.395522
freqs:, 1586, 0.475, 0.3375, 0, 0.582693, 0.399906
freqs:, 1587, 0.475, 0.35, 0, 0.590021, 0.404312
freqs:, 1588, 0.475, 0.3625, 0, 0.597521, 0.40872
freqs:, 1589, 0.475, 0.375, 0, 0.605186, 0.413105
freqs:, 1590, 0.475, 0.3875, 0, 0.61301, 0.417439
freqs:, 1591, 0.475, 0.4, 0, 0.620987, 0.421688
freqs:, 1592, 0.475, 0.4125, 0, 0.629111, 0.425807
freqs:, 1593, 0.475, 0.425, 0, 0.637377, 0.429741
freqs:, 1594, 0.475, 0.4375, 0, 0.64578, 0.43342
freqs:, 1595, 0.475, 0.45, 0, 0.654313, 0.43675
freqs:, 1596, 0.475, 0.4625, 0, 0.662972, 0.439611
freqs:, 1597, 0.475, 0.475, 0, 0.671751, 0.44185
freqs:, 1598, 0.475, 0.4875, 0, 0.680648, 0.443296
freqs:, 1599, 0.475, 0.5, 0, 0.689656, 0.443799
freqs:, 1600, 0.4875, 0, 0, 0.4875, 0.329824
freqs:, 1601, 0.4875, 0.0125, 0, 0.48766, 0.329942
freqs:, 1602, 0.4875, 0.025, 0, 0.488141, 0.330296
freqs:, 1603, 0.4875, 0.0375, 0, 0.48894, 0.330885
freqs:, 1604, 0.4875, 0.05, 0, 0.490057, 0.331707
freqs:, 1605, 0.4875, 0.0625, 0, 0.49149, 0.33276
freqs:, 1606, 0.4875, 0.075, 0, 0.493235, 0.33404
freqs:, 1607, 0.4875, 0.0875, 0, 0.49529, 0.335543
freqs:, 1608, 0.4875, 0.1, 0, 0.497651, 0.337266
freqs:, 1609, 0.4875, 0.1125, 0, 0.500312, 0.339202
freqs:, 1610, 0.4875, 0.125, 0, 0.503271, 0.341347
freqs:, 1611, 0.4875, 0.1375, 0, 0.50652, 0.343693
freqs:, 1612, 0.4875, 0.15, 0, 0.510055, 0.346236
freqs:, 1613, 0.4875, 0.1625, 0, 0.51387, 0.348967
freqs:, 1614, 0.4875, 0.175, 0, 0.517959, 0.351878
freqs:, 1615, 0.4875, 0.1875, 0, 0.522315, 0.354963
freqs:, 1616, 0.4875, 0.2, 0, 0.526931, 0.358214
freqs:, 1617, 0.4875, 0.2125, 0, 0.531801, 0.36162
freqs:, 1618, 0.4875, 0.225, 0, 0.536918, 0.365175
freqs:, 1619, 0.4875, 0.2375, 0, 0.542275, 0.368867
freqs:, 1620, 0.4875, 0.25, 0, 0.547865, 0.372688
freqs:, 1621, 0.4875, 0.2625, 0, 0.553681, 0.376628
freqs:, 1622, 0.4875, 0.275, 0, 0.559715, 0.380675
freqs:, 1623, 0.4875, 0.2875, 0, 0.565962, 0.384818
freqs:, 1624, 0.4875, 0.3, 0, 0.572413, 0.389046
freqs:, 1625, 0.4875, 0.3125, 0, 0.579062, 0.393343
freqs:, 1626, 0.4875, 0.325, 0, 0.585902, 0.397696
freqs:, 1627, 0.4875, 0.3375, 0, 0.592927, 0.402088
freqs:, 1628, 0.4875, 0.35, 0, 0.60013, 0.406499
freqs:, 1629, 0.4875, 0.3625, 0, 0.607505, 0.410908
freqs:, 1630, 0.4875, 0.375, 0, 0.615046, 0.415288
freqs:, 1631, 0.4875, 0.3875, 0, 0.622746, 0.419608
freqs:, 1632, 0.4875, 0.4, 0, 0.6306, 0.423827
freqs:, 1633, 0.4875, 0.4125, 0, 0.638602, 0.427899
freqs:, 1634, 0.4875, 0.425, 0, 0.646747, 0.431761
freqs:, 1635, 0.4875, 0.4375, 0, 0.655029, 0.435337
freqs:, 1636, 0.4875, 0.45, 0, 0.663443, 0.438531
freqs:, 1637, 0.4875, 0.4625, 0, 0.671984, 0.441227
freqs:, 1638, 0.4875, 0.475, 0, 0.680648, 0.443296
freqs:, 1639, 0.4875, 0.4875, 0, 0.689429, 0.444606
freqs:, 1640, 0.4875, 0.5, 0, 0.698324, 0.445056
freqs:, 1641, 0.5, 0, 0, 0.5, 0.330559
freqs:, 1642, 0.5, 0.0125, 0, 0.500156, 0.330677
freqs:, 1643, 0.5, 0.025, 0, 0.500625, 0.331031
freqs:, 1644, 0.5, 0.0375, 0, 0.501404, 0.33162
freqs:, 1645, 0.5, 0.05, 0, 0.502494, 0.332442
freqs:, 1646, 0.5, 0.0625, 0, 0.503891, 0.333494
freqs:, 1647, 0.5, 0.075, 0, 0.505594, 0.334773
freqs:, 1648, 0.5, 0.0875, 0, 0.507599, 0.336276
freqs:, 1649, 0.5, 0.1, 0, 0.509902, 0.337998
freqs:, 1650, 0.5, 0.1125, 0, 0.5125, 0.339934
freqs:, 1651, 0.5, 0.125, 0, 0.515388, 0.342079
freqs:, 1652, 0.5, 0.1375, 0, 0.518562, 0.344425
freqs:, 1653, 0.5, 0.15, 0, 0.522015, 0.346968
freqs:, 1654, 0.5, 0.1625, 0, 0.525744, 0.349699
freqs:, 1655, 0.5, 0.175, 0, 0.529741, 0.352611
freqs:, 1656, 0.5, 0.1875, 0, 0.534, 0.355697
freqs:, 1657, 0.5, 0.2, 0, 0.538516, 0.358949
freqs:, 1658, 0.5, 0.2125, 0, 0.543283, 0.362358
freqs:, 1659, 0.5, 0.225, 0, 0.548293, 0.365914
freqs:, 1660, 0.5, 0.2375, 0, 0.55354, 0.36961
freqs:, 1661, 0.5, 0.25, 0, 0.559017, 0.373434
freqs:, 1662, 0.5, 0.2625, 0, 0.564718, 0.377378
freqs:, 1663, 0.5, 0.275, 0, 0.570636, 0.38143
freqs:, 1664, 0.5, 0.2875, 0, 0.576764, 0.385578
freqs:, 1665, 0.5, 0.3, 0, 0.583095, 0.389811
freqs:, 1666, 0.5, 0.3125, 0, 0.589624, 0.394114
freqs:, 1667, 0.5, 0.325, 0, 0.596343, 0.398473
freqs:, 1668, 0.5, 0.3375, 0, 0.603246, 0.40287
freqs:, 1669, 0.5, 0.35, 0, 0.610328, 0.407287
freqs:, 1670, 0.5, 0.3625, 0, 0.617581, 0.411699
freqs:, 1671, 0.5, 0.375, 0, 0.625, 0.41608
freqs:, 1672, 0.5, 0.3875, 0, 0.632579, 0.420396
freqs:, 1673, 0.5, 0.4, 0, 0.640312, 0.424607
freqs:, 1674, 0.5, 0.4125, 0, 0.648195, 0.428661
freqs:, 1675, 0.5, 0.425, 0, 0.65622, 0.432495
freqs:, 1676, 0.5, 0.4375, 0, 0.664384, 0.43603
freqs:, 1677, 0.5, 0.45, 0, 0.672681, 0.439168
freqs:, 1678, 0.5, 0.4625, 0, 0.681107, 0.441799
freqs:, 1679, 0.5, 0.475, 0, 0.689656, 0.443799
freqs:, 1680, 0.5, 0.4875, 0, 0.698324, 0.445056
freqs:, 1681, 0.5, 0.5, 0, 0.707107, 0.445485
freqs:, k index, k1, k2, k3, kmag/2pi, band 1
