freqs:, k index, k1, k2, k3, kmag/2pi, band 1, band 2, band 3, band 4, band 5, band 6
freqs:, 1, 0, 0, 0, 0, 0, 0, 0.0901515, 0.0901708, 0.0998955, 0.0998957
freqs:, 2, 0.0215054, 0.0107527, 0, 0.0215054, 0.0203324, 0.0211173, 0.0922329, 0.0926843, 0.102018, 0.102179
freqs:, 3, 0.0430108, 0.0215054, 0, 0.0430108, 0.0405687, 0.0422215, 0.0982156, 0.0998585, 0.108134, 0.108743
freqs:, 4, 0.0645161, 0.0322581, 0, 0.0645161, 0.0605973, 0.0632981, 0.107505, 0.110788, 0.117618, 0.11888
freqs:, 5, 0.0860215, 0.0430108, 0, 0.0860215, 0.0802779, 0.0843303, 0.119434, 0.124486, 0.129729, 0.131768
freqs:, 6, 0.107527, 0.0537634, 0, 0.107527, 0.0994374, 0.105297, 0.13346, 0.140143, 0.143801, 0.146682
freqs:, 7, 0.129032, 0.0645161, 0, 0.129032, 0.117895, 0.12617, 0.14921, 0.157175, 0.159315, 0.163069
freqs:, 8, 0.150538, 0.0752688, 0, 0.150538, 0.135527, 0.146913, 0.166402, 0.175179, 0.175899, 0.180526
freqs:, 9, 0.172043, 0.0860215, 0, 0.172043, 0.152322, 0.167478, 0.184758, 0.193296, 0.193885, 0.198771
freqs:, 10, 0.193548, 0.0967742, 0, 0.193548, 0.168368, 0.1878, 0.203991, 0.211341, 0.213106, 0.217605
freqs:, 11, 0.215054, 0.107527, 0, 0.215054, 0.183789, 0.207805, 0.223847, 0.229933, 0.232713, 0.236888
freqs:, 12, 0.236559, 0.11828, 0, 0.236559, 0.198695, 0.227413, 0.24413, 0.249008, 0.252616, 0.256517
freqs:, 13, 0.258065, 0.129032, 0, 0.258065, 0.213172, 0.24655, 0.264705, 0.268522, 0.272749, 0.276418
freqs:, 14, 0.27957, 0.139785, 0, 0.27957, 0.227279, 0.265166, 0.285485, 0.288426, 0.293061, 0.296534
freqs:, 15, 0.301075, 0.150538, 0, 0.301075, 0.241065, 0.283235, 0.30641, 0.308661, 0.313517, 0.316824
freqs:, 16, 0.322581, 0.16129, 0, 0.322581, 0.254565, 0.300748, 0.327442, 0.329163, 0.334087, 0.337254
freqs:, 17, 0.344086, 0.172043, 0, 0.344086, 0.26781, 0.317708, 0.348554, 0.349873, 0.354749, 0.357798
freqs:, 18, 0.365591, 0.182796, 0, 0.365591, 0.280822, 0.33412, 0.369726, 0.370742, 0.375482, 0.378436
freqs:, 19, 0.387097, 0.193548, 0, 0.387097, 0.29362, 0.349995, 0.390946, 0.391733, 0.396272, 0.399149
freqs:, 20, 0.408602, 0.204301, 0, 0.408602, 0.306218, 0.365343, 0.412203, 0.412814, 0.4171, 0.419922
freqs:, 21, 0.430108, 0.215054, 0, 0.430108, 0.318626, 0.380182, 0.43349, 0.433967, 0.437947, 0.44074
freqs:, 22, 0.451613, 0.225806, 0, 0.451613, 0.330848, 0.394531, 0.454799, 0.455174, 0.458779, 0.461589
freqs:, 23, 0.473118, 0.236559, 0, 0.473118, 0.342883, 0.408412, 0.476122, 0.476424, 0.47949, 0.48245
freqs:, 24, 0.494624, 0.247312, 0, 0.494624, 0.354721, 0.421848, 0.497369, 0.497709, 0.499116, 0.503297
freqs:, 25, 0.516129, 0.258065, 0, 0.516129, 0.366338, 0.434861, 0.497751, 0.503401, 0.518924, 0.519021
freqs:, 26, 0.537634, 0.268817, 0, 0.537634, 0.377691, 0.447469, 0.490275, 0.498632, 0.540275, 0.540355
freqs:, 27, 0.55914, 0.27957, 0, 0.55914, 0.388695, 0.45968, 0.483115, 0.493331, 0.537409, 0.559696
freqs:, 28, 0.580645, 0.290323, 0, 0.580645, 0.39919, 0.471487, 0.476522, 0.488018, 0.531858, 0.553169
freqs:, 29, 0.602151, 0.301075, 0, 0.602151, 0.408857, 0.470858, 0.482808, 0.482846, 0.526319, 0.546934
freqs:, 30, 0.623656, 0.311828, 0, 0.623656, 0.417045, 0.466803, 0.477759, 0.493603, 0.520893, 0.541216
freqs:, 31, 0.645161, 0.322581, 0, 0.645161, 0.422617, 0.465519, 0.47289, 0.503314, 0.515615, 0.536506
freqs:, 32, 0.666667, 0.333333, 0, 0.666667, 0.424502, 0.468046, 0.468282, 0.510508, 0.510527, 0.534294
freqs:, 33, 0.66129, 0.33871, 0, 0.661356, 0.424091, 0.465789, 0.470997, 0.508049, 0.512274, 0.535037
freqs:, 34, 0.655914, 0.344086, 0, 0.656178, 0.423018, 0.463587, 0.474426, 0.505622, 0.512562, 0.53727
freqs:, 35, 0.650538, 0.349462, 0, 0.651137, 0.421473, 0.461444, 0.478384, 0.503247, 0.511718, 0.54065
freqs:, 36, 0.645161, 0.354839, 0, 0.646236, 0.419607, 0.459361, 0.48272, 0.500928, 0.510197, 0.544725
freqs:, 37, 0.639785, 0.360215, 0, 0.641477, 0.417537, 0.45734, 0.48732, 0.498667, 0.508317, 0.549181
freqs:, 38, 0.634409, 0.365591, 0, 0.636864, 0.415342, 0.455381, 0.492106, 0.496465, 0.506256, 0.553841
freqs:, 39, 0.629032, 0.370968, 0, 0.632401, 0.413081, 0.453486, 0.494325, 0.497022, 0.504115, 0.558605
freqs:, 40, 0.623656, 0.376344, 0, 0.62809, 0.410796, 0.451657, 0.49225, 0.501951, 0.502028, 0.563418
freqs:, 41, 0.61828, 0.38172, 0, 0.623934, 0.408516, 0.449896, 0.490241, 0.499799, 0.507095, 0.568241
freqs:, 42, 0.612903, 0.387097, 0, 0.619937, 0.406263, 0.448202, 0.4883, 0.497682, 0.512202, 0.573049
freqs:, 43, 0.607527, 0.392473, 0, 0.616102, 0.404055, 0.446578, 0.486431, 0.495615, 0.517333, 0.577817
freqs:, 44, 0.602151, 0.397849, 0, 0.612431, 0.401905, 0.445025, 0.484635, 0.49361, 0.522474, 0.58252
freqs:, 45, 0.596774, 0.403226, 0, 0.608929, 0.399824, 0.443544, 0.482914, 0.491676, 0.527613, 0.587118
freqs:, 46, 0.591398, 0.408602, 0, 0.605597, 0.39782, 0.442136, 0.481272, 0.48982, 0.532739, 0.591545
freqs:, 47, 0.586022, 0.413978, 0, 0.602438, 0.395902, 0.440802, 0.479709, 0.488047, 0.537843, 0.595647
freqs:, 48, 0.580645, 0.419355, 0, 0.599456, 0.394075, 0.439544, 0.478228, 0.486361, 0.542913, 0.598942
freqs:, 49, 0.575269, 0.424731, 0, 0.596653, 0.392345, 0.438362, 0.476832, 0.484768, 0.547936, 0.597149
freqs:, 50, 0.569892, 0.430108, 0, 0.594031, 0.390716, 0.437257, 0.475522, 0.48327, 0.552895, 0.594873
freqs:, 51, 0.564516, 0.435484, 0, 0.591593, 0.389193, 0.43623, 0.4743, 0.481871, 0.557767, 0.592742
freqs:, 52, 0.55914, 0.44086, 0, 0.589341, 0.387779, 0.435282, 0.473168, 0.480574, 0.562517, 0.590764
freqs:, 53, 0.553763, 0.446237, 0, 0.587278, 0.386477, 0.434414, 0.472129, 0.479381, 0.567092, 0.588941
freqs:, 54, 0.548387, 0.451613, 0, 0.585405, 0.385292, 0.433626, 0.471183, 0.478295, 0.571393, 0.587279
freqs:, 55, 0.543011, 0.456989, 0, 0.583723, 0.384224, 0.432919, 0.470332, 0.477318, 0.57523, 0.585782
freqs:, 56, 0.537634, 0.462366, 0, 0.582236, 0.383277, 0.432294, 0.469577, 0.476452, 0.578246, 0.584437
freqs:, 57, 0.532258, 0.467742, 0, 0.580944, 0.382452, 0.431752, 0.468921, 0.475697, 0.580028, 0.583271
freqs:, 58, 0.526882, 0.473118, 0, 0.579848, 0.381751, 0.431292, 0.468363, 0.475056, 0.580647, 0.582281
freqs:, 59, 0.521505, 0.478495, 0, 0.57895, 0.381176, 0.430915, 0.467906, 0.474531, 0.580643, 0.581396
freqs:, 60, 0.516129, 0.483871, 0, 0.578251, 0.380727, 0.430621, 0.467549, 0.474121, 0.580424, 0.580722
freqs:, 61, 0.510753, 0.489247, 0, 0.577751, 0.380406, 0.430411, 0.467294, 0.473827, 0.580189, 0.580226
freqs:, 62, 0.505376, 0.494624, 0, 0.57745, 0.380213, 0.430285, 0.467141, 0.473651, 0.579932, 0.580024
freqs:, 63, 0.5, 0.5, 0, 0.57735, 0.380149, 0.430243, 0.46709, 0.473592, 0.579836, 0.579966
freqs:, 64, 0.483871, 0.483871, 0, 0.558726, 0.378098, 0.43222, 0.459402, 0.481056, 0.561245, 0.561301
freqs:, 65, 0.467742, 0.467742, 0, 0.540102, 0.37269, 0.437404, 0.448967, 0.490816, 0.542721, 0.542807
freqs:, 66, 0.451613, 0.451613, 0, 0.521478, 0.365217, 0.438113, 0.444494, 0.500543, 0.524207, 0.524327
freqs:, 67, 0.435484, 0.435484, 0, 0.502853, 0.356575, 0.426941, 0.452576, 0.505707, 0.505863, 0.510127
freqs:, 68, 0.419355, 0.419355, 0, 0.484229, 0.347238, 0.415457, 0.461119, 0.487236, 0.487418, 0.490627
freqs:, 69, 0.403226, 0.403226, 0, 0.465605, 0.33745, 0.40365, 0.467944, 0.468997, 0.470558, 0.47252
freqs:, 70, 0.387097, 0.387097, 0, 0.446981, 0.32734, 0.391507, 0.450173, 0.450603, 0.454414, 0.457097
freqs:, 71, 0.370968, 0.370968, 0, 0.428357, 0.316979, 0.379011, 0.431742, 0.432243, 0.436317, 0.439044
freqs:, 72, 0.354839, 0.354839, 0, 0.409732, 0.306405, 0.366149, 0.413313, 0.413925, 0.418237, 0.421015
freqs:, 73, 0.33871, 0.33871, 0, 0.391108, 0.295638, 0.352907, 0.394903, 0.395659, 0.400182, 0.403019
freqs:, 74, 0.322581, 0.322581, 0, 0.372484, 0.28469, 0.339273, 0.376518, 0.377459, 0.382159, 0.385067
freqs:, 75, 0.306452, 0.306452, 0, 0.35386, 0.27356, 0.325239, 0.358166, 0.359341, 0.364177, 0.367167
freqs:, 76, 0.290323, 0.290323, 0, 0.335236, 0.262245, 0.310798, 0.339855, 0.341328, 0.346245, 0.349331
freqs:, 77, 0.274194, 0.274194, 0, 0.316611, 0.250736, 0.295945, 0.321593, 0.323449, 0.328375, 0.33157
freqs:, 78, 0.258065, 0.258065, 0, 0.297987, 0.239021, 0.280676, 0.303396, 0.305738, 0.310578, 0.313901
freqs:, 79, 0.241935, 0.241935, 0, 0.279363, 0.227081, 0.264991, 0.285283, 0.288234, 0.29287, 0.29634
freqs:, 80, 0.225806, 0.225806, 0, 0.260739, 0.214895, 0.248895, 0.267278, 0.270978, 0.275269, 0.278908
freqs:, 81, 0.209677, 0.209677, 0, 0.242115, 0.202434, 0.232405, 0.249419, 0.254009, 0.257801, 0.261634
freqs:, 82, 0.193548, 0.193548, 0, 0.22349, 0.189662, 0.21555, 0.231759, 0.237361, 0.240493, 0.244552
freqs:, 83, 0.177419, 0.177419, 0, 0.204866, 0.176529, 0.198373, 0.214375, 0.221062, 0.223386, 0.227705
freqs:, 84, 0.16129, 0.16129, 0, 0.186242, 0.162973, 0.180927, 0.197372, 0.205146, 0.206529, 0.21115
freqs:, 85, 0.145161, 0.145161, 0, 0.167618, 0.148916, 0.163264, 0.180896, 0.189659, 0.189991, 0.194963
freqs:, 86, 0.129032, 0.129032, 0, 0.148994, 0.134278, 0.145429, 0.165121, 0.173863, 0.174679, 0.179243
freqs:, 87, 0.112903, 0.112903, 0, 0.130369, 0.119008, 0.127464, 0.150235, 0.158272, 0.160319, 0.164126
freqs:, 88, 0.0967742, 0.0967742, 0, 0.111745, 0.103112, 0.1094, 0.136418, 0.143394, 0.146744, 0.149795
freqs:, 89, 0.0806452, 0.0806452, 0, 0.093121, 0.0866655, 0.0912604, 0.123848, 0.129475, 0.134187, 0.136498
freqs:, 90, 0.0645161, 0.0645161, 0, 0.0744968, 0.0697813, 0.0730659, 0.112744, 0.116859, 0.122956, 0.124567
freqs:, 91, 0.0483871, 0.0483871, 0, 0.0558726, 0.0525786, 0.0548313, 0.103413, 0.106013, 0.113449, 0.11443
freqs:, 92, 0.0322581, 0.0322581, 0, 0.0372484, 0.0351605, 0.0365687, 0.0962549, 0.0975302, 0.106135, 0.1066
freqs:, 93, 0.016129, 0.016129, 0, 0.0186242, 0.0176112, 0.0182886, 0.0917132, 0.0920658, 0.101492, 0.101613
freqs:, 94, 0, 0, 0, 0, 0, 0, 0.0901515, 0.0901708, 0.0998955, 0.0998957
